1 0.552419 0.085618 0.067204 0.078763
1 0.598656 0.197177 0.066129 0.072849
1 0.556183 0.288844 0.061828 0.068011
1 0.489785 0.324194 0.058065 0.066667
1 0.470699 0.372984 0.059677 0.068548
1 0.498118 0.419489 0.058602 0.068011
1 0.447581 0.437366 0.069355 0.072581
1 0.454839 0.503091 0.061290 0.068548
1 0.509946 0.489113 0.066129 0.076075
1 0.490591 0.631317 0.062903 0.065860
1 0.477957 0.691801 0.074194 0.068548
1 0.514516 0.729704 0.074194 0.077688
1 0.435753 0.725403 0.061828 0.070161
1 0.431989 0.655242 0.068280 0.068548
1 0.501882 0.850134 0.066129 0.066935
1 0.376613 0.862769 0.043548 0.064247
1 0.424462 0.967742 0.053226 0.050000
1 0.483871 0.908199 0.066667 0.058333
1 0.412366 0.674328 0.033333 0.042204
0 0.511828 0.026882 0.054839 0.053763
0 0.599194 0.064516 0.051075 0.059140
0 0.516398 0.073387 0.022043 0.038172
0 0.515591 0.169758 0.046237 0.054570
0 0.513978 0.211290 0.037634 0.037097
0 0.578495 0.338844 0.058065 0.057258
0 0.558602 0.486290 0.044086 0.053226
0 0.529839 0.539919 0.048925 0.057258
0 0.462903 0.549059 0.034409 0.035753
0 0.445968 0.302285 0.063978 0.071237
0 0.500538 0.121102 0.061290 0.062634
0 0.425000 0.493145 0.029570 0.047581
0 0.454301 0.875941 0.052688 0.056183
0 0.378495 0.923253 0.043011 0.057258
0 0.404032 0.857527 0.059677 0.069892
0 0.534677 0.861694 0.023118 0.034140
0 0.522043 0.958199 0.049462 0.044355
0 0.533871 0.910349 0.055914 0.065860
1 0.502688 0.262097 0.064516 0.071505
0 0.546774 0.367876 0.047312 0.063710
0 0.706452 0.911694 0.061290 0.066398
