1 0.393817 0.115860 0.156452 0.182258
1 0.286022 0.226747 0.195699 0.145968
1 0.266398 0.367608 0.144624 0.148118
1 0.522043 0.669086 0.183871 0.184409
1 0.404839 0.760349 0.200000 0.220699
2 0.227957 0.740591 0.161290 0.194086
2 0.532796 0.213575 0.193548 0.166935
2 0.404032 0.340323 0.153226 0.176344
2 0.110484 0.677554 0.182258 0.161559
2 0.631989 0.065726 0.159677 0.131452
2 0.523656 0.363441 0.103226 0.132258
2 0.495968 0.042608 0.163978 0.085215
2 0.360753 0.880645 0.089247 0.087097
2 0.490323 0.421371 0.092473 0.069624
0 0.273118 0.119758 0.119355 0.088978
0 0.364247 0.554704 0.176882 0.170699
0 0.159140 0.503898 0.161290 0.176613
0 0.202688 0.279973 0.091398 0.108333
