0 0.672849 0.832527 0.137097 0.208065
1 0.636022 0.283199 0.220430 0.240591
1 0.227151 0.237366 0.253226 0.231720
1 0.452957 0.311156 0.237097 0.266398
1 0.638710 0.085081 0.232258 0.170161
2 0.541398 0.879301 0.234409 0.241398
2 0.110618 0.934677 0.220699 0.130645
2 0.365591 0.638844 0.297849 0.237903
2 0.051344 0.746909 0.102688 0.207796
2 0.155108 0.601478 0.195161 0.253495
1 0.330376 0.081586 0.254301 0.163172
2 0.578226 0.667070 0.227419 0.233065
2 0.305376 0.855914 0.267742 0.288172
2 0.538441 0.029301 0.188710 0.058065
2 0.141532 0.051747 0.164785 0.103495
2 0.211828 0.423522 0.177419 0.189516
2 0.067742 0.070565 0.135484 0.141129
2 0.081183 0.183199 0.162366 0.118011
