0 0.212903 0.555376 0.219355 0.119355
0 0.201344 0.413172 0.256452 0.224194
0 0.480376 0.317204 0.254301 0.229032
0 0.644624 0.571371 0.219355 0.210484
0 0.728226 0.673253 0.391935 0.447581
0 0.823925 0.415995 0.154301 0.152419
0 0.705645 0.286694 0.187634 0.145430
0 0.438172 0.776747 0.241935 0.288978
0 0.279032 0.724328 0.189247 0.223925
0 0.475806 0.522581 0.235484 0.222581
0 0.036962 0.540457 0.073387 0.235753
0 0.907258 0.272446 0.185484 0.175000
0 0.705376 0.142608 0.189247 0.180914
0 0.865054 0.161694 0.126882 0.135215
0 0.913172 0.117339 0.148925 0.128226
