0 0.740860 0.076882 0.250538 0.153763
0 0.676075 0.621237 0.248925 0.257527
0 0.267742 0.585484 0.233333 0.248387
1 0.526882 0.781586 0.287097 0.297581
1 0.619624 0.287231 0.280108 0.292742
1 0.504301 0.135618 0.277419 0.271237
1 0.211559 0.163306 0.320968 0.326613
1 0.298118 0.314247 0.258602 0.196237
1 0.120699 0.682661 0.230645 0.259946
1 0.247581 0.856183 0.293011 0.287634
1 0.454839 0.922043 0.239785 0.155914
1 0.454839 0.922043 0.239785 0.155914
0 0.535484 0.457796 0.121505 0.214516
0 0.780645 0.148925 0.154839 0.109677
