1 0.484677 0.511962 0.216667 0.213172
1 0.353495 0.431048 0.186559 0.200806
0 0.453226 0.025538 0.166667 0.050538
0 0.826613 0.614919 0.223118 0.207258
0 0.665860 0.753898 0.225269 0.247581
0 0.767742 0.818011 0.224731 0.198387
0 0.461559 0.728360 0.224194 0.221237
0 0.167742 0.760349 0.292473 0.252957
0 0.189516 0.543145 0.160753 0.178763
0 0.350000 0.860618 0.178495 0.220161
0 0.226075 0.922984 0.155376 0.153495
0 0.580645 0.932527 0.165591 0.134946
0 0.592473 0.086425 0.182796 0.172849
0 0.525806 0.186962 0.048387 0.112634
0 0.413441 0.174328 0.075269 0.197043
0 0.550538 0.382661 0.208602 0.200806
0 0.707796 0.515995 0.250000 0.239516
0 0.520161 0.875672 0.163978 0.168548
0 0.292742 0.602554 0.225269 0.207258
