1 0.426613 0.743145 0.132796 0.129301
1 0.308871 0.728629 0.111290 0.107796
1 0.333871 0.610887 0.136559 0.141129
1 0.462634 0.629435 0.127419 0.111559
1 0.312097 0.809005 0.083333 0.087903
1 0.388978 0.131586 0.099462 0.111559
1 0.068280 0.614113 0.089247 0.084140
1 0.051075 0.346640 0.073118 0.076075
0 0.484946 0.093548 0.084946 0.088172
0 0.376882 0.230511 0.091398 0.099731
0 0.450000 0.322446 0.060215 0.109409
0 0.381452 0.402016 0.101613 0.110484
0 0.279032 0.478091 0.106452 0.100269
0 0.339247 0.502554 0.130108 0.102957
0 0.472849 0.504839 0.055376 0.061290
0 0.426882 0.476747 0.049462 0.083602
0 0.082258 0.420699 0.073118 0.072581
0 0.352151 0.309543 0.072043 0.073925
0 0.116667 0.364382 0.083871 0.077151
0 0.150806 0.424597 0.062903 0.070699
0 0.123656 0.307258 0.080645 0.056452
