0 0.749462 0.766263 0.146237 0.140054
0 0.489785 0.645833 0.150538 0.155108
0 0.644624 0.606048 0.158065 0.154032
0 0.797581 0.524194 0.090860 0.092473
0 0.893817 0.427957 0.100538 0.089247
0 0.878495 0.357124 0.098925 0.107796
0 0.736022 0.234543 0.092473 0.097043
0 0.712634 0.644220 0.087634 0.116398
0 0.490054 0.757661 0.123118 0.107796
1 0.638710 0.809140 0.111828 0.146237
0 0.634409 0.947043 0.135484 0.105914
0 0.461559 0.946505 0.176882 0.106989
0 0.509409 0.840457 0.145699 0.142204
0 0.746774 0.469624 0.117204 0.124194
0 0.733602 0.343414 0.083333 0.108333
0 0.642473 0.426210 0.117204 0.115860
0 0.657527 0.327823 0.090323 0.094355
0 0.804839 0.292339 0.091398 0.111559
0 0.796237 0.415995 0.092473 0.101882
0 0.395968 0.939651 0.097312 0.113710
0 0.290860 0.978091 0.154839 0.043280
