0 0.635484 0.900806 0.265591 0.198387
1 0.641935 0.123387 0.239785 0.228495
2 0.178763 0.912903 0.257527 0.174194
2 0.561559 0.760618 0.230645 0.257796
2 0.066398 0.104973 0.132796 0.209946
2 0.168548 0.658199 0.187634 0.241129
2 0.334140 0.738441 0.272581 0.263978
2 0.427151 0.935484 0.233871 0.129032
2 0.052151 0.791532 0.104301 0.213172
0 0.138172 0.097984 0.189247 0.175538
0 0.226075 0.327016 0.253226 0.206720
0 0.278495 0.148253 0.267742 0.219086
0 0.496774 0.067339 0.239785 0.134677
0 0.437634 0.388575 0.238710 0.279301
0 0.657796 0.345027 0.257527 0.248118
0 0.247043 0.472177 0.139247 0.190591
0 0.306048 0.022715 0.144355 0.045430
