0 0.454570 0.073522 0.197312 0.147043
0 0.262097 0.030914 0.230645 0.061290
0 0.416129 0.197984 0.182796 0.194892
0 0.483602 0.624597 0.101613 0.159946
0 0.730645 0.629704 0.215054 0.280914
0 0.899731 0.647446 0.147849 0.186290
0 0.865054 0.863306 0.269892 0.266398
0 0.761022 0.953763 0.158602 0.092473
0 0.242204 0.881317 0.226344 0.236828
1 0.557258 0.017473 0.171505 0.034409
1 0.672043 0.168683 0.244086 0.273925
1 0.390591 0.722984 0.260753 0.315860
1 0.591398 0.874059 0.256989 0.245968
1 0.376344 0.941263 0.289247 0.116935
