1 0.892204 0.088038 0.215591 0.176075
1 0.733871 0.127554 0.172043 0.165860
1 0.860484 0.258199 0.243548 0.237903
1 0.636290 0.271505 0.227419 0.233333
1 0.808065 0.452016 0.175269 0.199731
0 0.427151 0.256586 0.189785 0.164785
1 0.577151 0.827554 0.296237 0.300269
1 0.349194 0.864651 0.220968 0.227151
0 0.725806 0.884005 0.143011 0.206720
0 0.375806 0.668145 0.216129 0.199731
0 0.554032 0.553360 0.208065 0.246505
0 0.692473 0.694086 0.211828 0.180645
0 0.661290 0.469758 0.165591 0.185753
0 0.451613 0.401075 0.245161 0.215054
0 0.529032 0.137500 0.250538 0.250269
0 0.725269 0.029167 0.164516 0.058333
0 0.602957 0.045968 0.126344 0.091935
1 0.690054 0.569758 0.094086 0.078226
