0 0.766935 0.655511 0.156452 0.154032
0 0.517742 0.789382 0.172043 0.212097
0 0.646505 0.857258 0.137097 0.156452
1 0.707258 0.289919 0.163978 0.169086
1 0.569086 0.325000 0.148925 0.169355
1 0.669892 0.143548 0.145161 0.147312
1 0.428226 0.311425 0.152151 0.146505
2 0.685484 0.533737 0.139785 0.156720
2 0.450000 0.176747 0.158065 0.137366
0 0.461559 0.622984 0.158602 0.181452
0 0.567204 0.078091 0.141935 0.156183
2 0.347312 0.180242 0.091398 0.114247
0 0.751344 0.984543 0.141398 0.030376
0 0.393011 0.982124 0.108602 0.035215
2 0.358871 0.760618 0.176882 0.161022
2 0.614516 0.641398 0.149462 0.164516
2 0.539516 0.523253 0.162903 0.152957
2 0.418280 0.526478 0.108602 0.132527
2 0.322043 0.650806 0.125806 0.132796
2 0.692204 0.054704 0.111290 0.090054
2 0.353763 0.082392 0.131183 0.099194
2 0.445161 0.059812 0.112903 0.112097
2 0.318817 0.219086 0.147312 0.133871
0 0.329839 0.319624 0.061828 0.081720
0 0.688710 0.746640 0.165591 0.167473
2 0.452688 0.418952 0.091398 0.143280
