0 0.346774 0.513844 0.217204 0.253495
0 0.558065 0.468817 0.279570 0.301075
0 0.604570 0.718683 0.244624 0.214785
0 0.700806 0.432124 0.143548 0.195430
0 0.535484 0.230108 0.250538 0.217204
0 0.590188 0.064113 0.218011 0.128226
0 0.342473 0.079704 0.276344 0.159409
0 0.290054 0.319489 0.206989 0.203495
0 0.684946 0.163844 0.189247 0.195430
0 0.219624 0.252823 0.159677 0.168011
1 0.792473 0.646371 0.310753 0.262634
1 0.646774 0.890188 0.223656 0.219086
1 0.409677 0.863978 0.275269 0.272043
1 0.238710 0.723790 0.264516 0.263710
