1 0.660215 0.948656 0.101075 0.102688
1 0.554839 0.945430 0.111828 0.109140
1 0.554839 0.945430 0.111828 0.109140
1 0.613710 0.914382 0.053226 0.048118
1 0.721505 0.908737 0.105376 0.083065
1 0.605108 0.845027 0.109140 0.096505
1 0.718280 0.795430 0.084946 0.091935
1 0.684140 0.523253 0.073656 0.086290
1 0.618280 0.542070 0.065591 0.074462
1 0.747043 0.966129 0.088710 0.067742
0 0.655108 0.469220 0.066129 0.064247
0 0.690054 0.846909 0.057527 0.047581
0 0.695968 0.622984 0.074731 0.081452
2 0.743548 0.576210 0.076344 0.085753
2 0.620699 0.648790 0.083333 0.063172
2 0.754032 0.656452 0.079032 0.075269
2 0.763172 0.530511 0.075806 0.073925
2 0.589247 0.762231 0.103226 0.081452
2 0.916398 0.506855 0.065054 0.086828
1 0.947849 0.668280 0.080645 0.078495
1 0.938710 0.733602 0.069892 0.067204
0 0.634140 0.703629 0.065054 0.059946
