0 0.136559 0.415323 0.273118 0.240323
0 0.424462 0.278360 0.274731 0.266398
0 0.547312 0.147849 0.130108 0.176344
0 0.673925 0.143952 0.210215 0.159946
0 0.816398 0.273522 0.171505 0.163172
0 0.830645 0.378360 0.202151 0.138441
0 0.944086 0.244489 0.111828 0.156720
0 0.643011 0.519489 0.215054 0.229301
0 0.619355 0.738306 0.187097 0.218548
0 0.838844 0.027285 0.134140 0.054570
0 0.171237 0.543952 0.240323 0.143817
0 0.663306 0.035081 0.207796 0.070161
0 0.898656 0.110618 0.202688 0.194355
0 0.437903 0.778360 0.256452 0.305108
0 0.260753 0.706855 0.180645 0.218011
1 0.444624 0.511290 0.254839 0.236559
