1 0.396505 0.166263 0.112366 0.129301
1 0.572043 0.219220 0.127957 0.123387
1 0.472312 0.289382 0.127419 0.127151
1 0.486290 0.396909 0.100538 0.101344
1 0.372849 0.400403 0.128495 0.120161
1 0.479301 0.505914 0.127419 0.123656
1 0.530108 0.551478 0.118280 0.122312
1 0.321237 0.452823 0.072581 0.075538
1 0.461828 0.593414 0.034409 0.062097
1 0.393011 0.582124 0.040860 0.080376
1 0.329301 0.848253 0.123118 0.120161
1 0.225269 0.952688 0.140860 0.094624
1 0.413978 0.959409 0.126882 0.081183
1 0.250000 0.878360 0.062366 0.064247
0 0.332661 0.145565 0.076075 0.094355
0 0.324194 0.235753 0.088172 0.085484
0 0.362903 0.512366 0.109677 0.103226
0 0.576747 0.032527 0.100806 0.065054
0 0.483333 0.187231 0.068817 0.080914
0 0.375806 0.266801 0.077419 0.070161
0 0.377151 0.321640 0.082258 0.051882
0 0.339516 0.544220 0.093011 0.100269
0 0.319892 0.942876 0.108602 0.106183
1 0.510484 0.906048 0.119892 0.113172
