1 0.752151 0.257392 0.203226 0.209409
1 0.475000 0.107124 0.228495 0.214247
1 0.423656 0.188306 0.195699 0.143280
1 0.315591 0.208737 0.149462 0.165860
1 0.258871 0.677823 0.127419 0.148118
0 0.673656 0.446371 0.205376 0.213172
0 0.466667 0.375403 0.236559 0.232527
0 0.608333 0.235753 0.146774 0.168280
0 0.462366 0.525941 0.215054 0.161559
1 0.562903 0.056855 0.248387 0.113710
1 0.427419 0.665457 0.150538 0.135215
0 0.345161 0.786156 0.134409 0.154032
0 0.292473 0.540726 0.120430 0.112634
0 0.310215 0.445565 0.105376 0.091129
0 0.176075 0.559005 0.111290 0.129839
0 0.287097 0.827285 0.102151 0.138441
1 0.198656 0.836290 0.089785 0.099462
1 0.107796 0.848253 0.097312 0.109409
1 0.163710 0.690995 0.115591 0.119624
