0 0.369892 0.488306 0.065591 0.070161
1 0.053495 0.556317 0.096237 0.116935
1 0.563441 0.951613 0.129032 0.096774
1 0.425269 0.834005 0.050538 0.126075
1 0.370968 0.772581 0.103226 0.090323
0 0.371774 0.706855 0.094086 0.064247
1 0.770968 0.944086 0.084946 0.090323
1 0.826613 0.910887 0.082258 0.079839
1 0.876344 0.847177 0.102151 0.078226
1 0.827957 0.801747 0.089247 0.094892
1 0.724194 0.791532 0.093548 0.085215
1 0.645699 0.739247 0.107527 0.098925
1 0.484946 0.584005 0.107527 0.135753
1 0.540860 0.507124 0.087097 0.101344
1 0.447849 0.479167 0.098925 0.113172
1 0.386559 0.632930 0.052688 0.028226
1 0.391667 0.573790 0.080108 0.089516
1 0.328495 0.511156 0.096774 0.100806
1 0.215323 0.712231 0.082258 0.079301
1 0.186022 0.772446 0.079570 0.093280
1 0.386559 0.394489 0.109677 0.121237
1 0.460215 0.381048 0.087097 0.111559
1 0.616667 0.323253 0.096774 0.088441
1 0.491129 0.192339 0.074731 0.099731
1 0.584140 0.159543 0.081183 0.078226
1 0.802957 0.056855 0.094086 0.098656
1 0.493548 0.092876 0.082796 0.088978
1 0.562634 0.050134 0.029570 0.058333
1 0.508602 0.042876 0.049462 0.049194
1 0.345161 0.243145 0.063441 0.084140
1 0.236559 0.237231 0.093548 0.100269
1 0.294624 0.191398 0.075269 0.087097
1 0.247581 0.129032 0.075806 0.089247
1 0.167742 0.150941 0.100000 0.098656
1 0.070161 0.164919 0.098387 0.085753
