0 0.482796 0.285349 0.079570 0.086828
0 0.504301 0.224059 0.063441 0.070699
0 0.580376 0.767070 0.086559 0.078226
1 0.493817 0.063306 0.106989 0.105108
1 0.567473 0.304704 0.108065 0.114785
1 0.390860 0.293952 0.101075 0.113710
1 0.336290 0.319220 0.079032 0.083602
1 0.347849 0.230511 0.103226 0.102957
1 0.521237 0.413575 0.113441 0.115323
1 0.412097 0.399462 0.109140 0.121505
1 0.588172 0.574731 0.117204 0.130108
1 0.373925 0.057930 0.131720 0.115860
1 0.303226 0.051747 0.083871 0.103495
1 0.425269 0.518952 0.090323 0.102419
1 0.528226 0.963172 0.074731 0.073656
1 0.461022 0.970699 0.061828 0.058602
1 0.444086 0.898790 0.080645 0.081452
1 0.468548 0.867608 0.089785 0.110484
1 0.538978 0.873387 0.058602 0.055376
1 0.532527 0.813038 0.076882 0.078763
1 0.467742 0.774866 0.081720 0.079839
1 0.395968 0.738038 0.072581 0.095430
1 0.449731 0.702285 0.069355 0.071237
1 0.471505 0.653091 0.080645 0.075000
1 0.547581 0.633737 0.069355 0.073925
1 0.414785 0.617070 0.082258 0.095430
1 0.491667 0.586425 0.091935 0.100806
1 0.388978 0.643817 0.068280 0.074731
1 0.368548 0.564382 0.072581 0.082527
1 0.360081 0.509543 0.057796 0.069624
1 0.563978 0.905511 0.074194 0.094892
0 0.554570 0.486962 0.067204 0.066398
0 0.555108 0.712500 0.066129 0.079839
