2 0.363172 0.819624 0.145699 0.196237
2 0.168817 0.823656 0.137634 0.169892
2 0.241398 0.695968 0.162366 0.145699
2 0.213710 0.583737 0.183333 0.155645
2 0.403495 0.576210 0.188710 0.216935
2 0.613441 0.079435 0.095699 0.101882
1 0.534677 0.553226 0.128495 0.161290
1 0.369355 0.073118 0.132258 0.097849
1 0.281452 0.080511 0.105914 0.108333
0 0.484140 0.740457 0.181183 0.177688
0 0.316935 0.439919 0.185484 0.207796
0 0.474194 0.225134 0.173118 0.191129
0 0.577419 0.265457 0.113978 0.094355
0 0.438710 0.429973 0.074194 0.093280
2 0.539516 0.103091 0.080108 0.102957
2 0.191667 0.438710 0.081183 0.082258
0 0.556989 0.388575 0.189247 0.185753
