0 0.457527 0.171640 0.175269 0.178763
0 0.220430 0.455511 0.134409 0.156183
1 0.283333 0.019220 0.106452 0.038441
1 0.390054 0.025806 0.138172 0.051075
1 0.536828 0.030376 0.143548 0.060215
1 0.666667 0.035753 0.146237 0.071505
1 0.454032 0.062769 0.147849 0.099731
1 0.593011 0.094220 0.131183 0.103495
1 0.594355 0.158199 0.139247 0.123925
1 0.615591 0.294220 0.209677 0.189516
1 0.538710 0.450134 0.164516 0.178763
1 0.362903 0.497581 0.212903 0.224194
1 0.162903 0.327016 0.133333 0.165860
1 0.319892 0.188575 0.135484 0.157796
1 0.280108 0.323387 0.156989 0.168280
1 0.437903 0.333468 0.191935 0.186290
1 0.330645 0.086694 0.111828 0.101344
