0 0.471774 0.237231 0.065054 0.091667
0 0.273387 0.084005 0.077957 0.073387
0 0.292204 0.135349 0.096237 0.090054
0 0.292204 0.135349 0.096237 0.090054
0 0.243817 0.492070 0.106989 0.093817
0 0.033871 0.791129 0.067742 0.071505
2 0.073118 0.856855 0.086022 0.099731
2 0.425538 0.781586 0.144624 0.139516
1 0.247312 0.764382 0.116129 0.184677
1 0.427957 0.423522 0.134409 0.157796
1 0.283871 0.395027 0.126882 0.124462
1 0.296237 0.225000 0.127957 0.123118
1 0.429839 0.209274 0.102688 0.119624
1 0.392742 0.112769 0.109140 0.113710
1 0.505645 0.107661 0.119892 0.125000
1 0.526075 0.160887 0.112366 0.087366
1 0.477688 0.038038 0.114516 0.076075
1 0.345699 0.046371 0.116129 0.092742
0 0.317204 0.479032 0.077419 0.061290
