0 0.411290 0.661962 0.202151 0.228226
0 0.284140 0.876478 0.170430 0.231452
0 0.538710 0.076747 0.179570 0.153495
0 0.299194 0.044624 0.131720 0.087634
0 0.363172 0.254435 0.081183 0.148656
0 0.318817 0.220296 0.048387 0.088978
0 0.424059 0.036962 0.151344 0.073925
2 0.589785 0.708468 0.190323 0.242742
1 0.680914 0.084812 0.195161 0.165323
1 0.683602 0.183199 0.101613 0.065323
1 0.603763 0.240188 0.147312 0.170699
1 0.445161 0.232796 0.194624 0.203226
1 0.339247 0.110081 0.176344 0.139516
1 0.550000 0.383737 0.159140 0.177151
1 0.667742 0.529973 0.230108 0.198656
1 0.479839 0.498253 0.166129 0.187903
1 0.303495 0.468145 0.213441 0.201882
1 0.234946 0.635618 0.207527 0.200269
