0 0.694892 0.090054 0.244624 0.180108
0 0.515591 0.128360 0.229032 0.255645
0 0.437097 0.875403 0.246237 0.248656
0 0.673656 0.788844 0.219355 0.215323
0 0.735753 0.578763 0.204839 0.197312
2 0.665323 0.449731 0.206989 0.229570
2 0.267473 0.409274 0.174731 0.237903
1 0.293548 0.093414 0.238710 0.186828
1 0.304570 0.226747 0.153226 0.165323
1 0.388172 0.678898 0.241935 0.266398
2 0.122043 0.551478 0.218280 0.201882
2 0.132796 0.745565 0.179570 0.210484
2 0.217204 0.812500 0.229032 0.275538
2 0.464247 0.449194 0.250000 0.237097
2 0.609140 0.686962 0.225806 0.250269
0 0.132527 0.028226 0.159677 0.055914
