0 0.406793 0.823234 0.162500 0.156250
0 0.679891 0.916440 0.121739 0.149185
0 0.359239 0.169973 0.091304 0.105163
0 0.627446 0.352446 0.074457 0.092935
1 0.495652 0.927310 0.121739 0.140489
1 0.572283 0.871875 0.135870 0.138315
1 0.672011 0.760462 0.157065 0.162228
1 0.758424 0.803397 0.125543 0.147011
1 0.494837 0.749049 0.170109 0.155707
1 0.573913 0.676766 0.129348 0.143750
1 0.441304 0.674728 0.135870 0.138587
1 0.586685 0.454755 0.140761 0.143207
1 0.600272 0.532473 0.088587 0.049728
1 0.506793 0.530027 0.044022 0.108967
1 0.466304 0.405842 0.138043 0.149728
1 0.375000 0.370245 0.132609 0.150272
1 0.536141 0.329212 0.128804 0.131250
1 0.472554 0.094429 0.127717 0.113859
1 0.551630 0.072418 0.075000 0.091576
2 0.520924 0.184103 0.129891 0.126902
0 0.357609 0.062092 0.109783 0.113315
0 0.407337 0.242120 0.101630 0.142935
0 0.397011 0.925272 0.101630 0.079891
1 0.448913 0.531522 0.114130 0.148913
