1 0.776359 0.955163 0.115761 0.089674
1 0.591304 0.936141 0.150000 0.127717
1 0.665761 0.893342 0.169565 0.176902
1 0.845380 0.819565 0.144022 0.143478
1 0.761141 0.761549 0.170109 0.189402
1 0.574728 0.741712 0.183152 0.175815
1 0.473098 0.814674 0.169022 0.160870
1 0.649457 0.714266 0.102174 0.140489
1 0.722283 0.617935 0.109783 0.118478
1 0.750543 0.505571 0.146739 0.148098
1 0.801630 0.537228 0.082609 0.098370
1 0.582337 0.612908 0.110326 0.095380
1 0.537228 0.544973 0.149457 0.132337
1 0.496739 0.461549 0.138043 0.124185
1 0.635326 0.461549 0.105435 0.126359
1 0.723370 0.403125 0.140217 0.102989
1 0.564130 0.349049 0.040217 0.076359
1 0.522283 0.303940 0.104348 0.114402
1 0.584239 0.229484 0.091304 0.091576
1 0.666033 0.277310 0.107065 0.105707
1 0.673641 0.340353 0.111413 0.072011
1 0.705707 0.219973 0.107065 0.098641
1 0.608967 0.150136 0.112500 0.114402
1 0.490217 0.193750 0.108696 0.105978
1 0.680707 0.060734 0.097283 0.104076
1 0.512500 0.090625 0.092391 0.082337
1 0.519837 0.037092 0.089674 0.060054
1 0.527174 0.155027 0.056522 0.065489
