1 0.333152 0.878668 0.152174 0.154076
1 0.607609 0.620652 0.115217 0.103261
1 0.505978 0.653940 0.113043 0.131793
1 0.550272 0.550000 0.141848 0.119565
1 0.359239 0.594701 0.127174 0.138315
1 0.367935 0.423234 0.128261 0.121467
1 0.551630 0.381386 0.098913 0.114946
1 0.439946 0.346332 0.078804 0.090489
1 0.377038 0.362636 0.093750 0.073098
1 0.377446 0.275951 0.126630 0.099728
1 0.449728 0.206929 0.102717 0.137772
1 0.538859 0.272418 0.120109 0.104620
1 0.636141 0.319429 0.121196 0.099728
1 0.592391 0.213995 0.090217 0.071467
1 0.656522 0.191440 0.100000 0.088315
1 0.651630 0.096875 0.113043 0.101359
1 0.544837 0.128668 0.095109 0.086685
1 0.466033 0.102582 0.097283 0.093207
1 0.549185 0.040217 0.078804 0.080435
1 0.542935 0.431793 0.092391 0.074457
1 0.448098 0.683016 0.028804 0.068207
1 0.391576 0.670380 0.037500 0.073370
