1 0.349677 0.746633 0.156250 0.138739
1 0.555226 0.784213 0.174030 0.128772
0 0.351832 0.494208 0.139009 0.145744
1 0.403017 0.636719 0.168103 0.159213
1 0.567619 0.693696 0.180496 0.192349
1 0.637662 0.546336 0.165409 0.148707
1 0.501616 0.486934 0.183190 0.200162
1 0.433728 0.337689 0.172414 0.151670
1 0.561692 0.340248 0.099677 0.129849
0 0.507812 0.210803 0.139547 0.151131
0 0.320582 0.277344 0.160560 0.150593
0 0.303879 0.398033 0.094828 0.108567
0 0.327856 0.074219 0.110453 0.104256
0 0.427802 0.023976 0.109914 0.047414
