2 0.652478 0.962129 0.093750 0.069811
2 0.723869 0.880997 0.086746 0.097305
0 0.590517 0.835175 0.076509 0.095148
0 0.745690 0.810377 0.080819 0.069272
0 0.736530 0.744340 0.086207 0.101078
0 0.743804 0.647035 0.102909 0.096226
0 0.794181 0.654582 0.071121 0.092992
0 0.723060 0.581402 0.073276 0.084636
0 0.679418 0.547035 0.106681 0.115094
0 0.780711 0.430863 0.108836 0.109164
0 0.712554 0.364286 0.063039 0.075202
0 0.595636 0.382615 0.095366 0.093531
1 0.535830 0.441105 0.093211 0.100539
1 0.593481 0.492318 0.114763 0.124259
1 0.543642 0.624933 0.072198 0.096226
1 0.611800 0.573989 0.070582 0.049326
1 0.576509 0.686388 0.102371 0.111321
1 0.668912 0.713612 0.105065 0.103235
1 0.636045 0.769542 0.099677 0.090027
1 0.560884 0.855121 0.071121 0.081132
0 0.599407 0.601213 0.079203 0.067116
2 0.647899 0.901752 0.103987 0.105391
1 0.702047 0.452965 0.116379 0.111321
1 0.601024 0.267520 0.108297 0.097305
1 0.567349 0.197170 0.118534 0.120485
1 0.629310 0.092318 0.100216 0.114555
1 0.542026 0.147305 0.106681 0.086523
1 0.674569 0.180863 0.106681 0.110512
1 0.740032 0.250000 0.136315 0.119407
1 0.821659 0.125741 0.038793 0.074663
1 0.758082 0.062668 0.125000 0.119946
0 0.794181 0.190701 0.075431 0.071968
0 0.769397 0.147844 0.094828 0.088679
0 0.587284 0.066442 0.063578 0.086523
