0 0.243534 0.541644 0.118534 0.111860
0 0.324353 0.311995 0.103448 0.120485
0 0.434267 0.337332 0.134698 0.138814
0 0.345905 0.487332 0.133621 0.155256
0 0.564925 0.319542 0.121228 0.117251
0 0.732489 0.263208 0.097522 0.122102
0 0.800108 0.358356 0.127155 0.123720
0 0.632543 0.260512 0.109914 0.129650
1 0.266433 0.275337 0.083513 0.076280
1 0.233836 0.300943 0.080819 0.094070
1 0.230065 0.415499 0.159483 0.157143
1 0.465787 0.465094 0.143858 0.148518
1 0.589440 0.511995 0.122845 0.119407
1 0.609375 0.400674 0.142241 0.131806
1 0.728448 0.444070 0.125000 0.131267
1 0.956627 0.455930 0.086746 0.094609
1 0.887392 0.460512 0.102371 0.115633
1 0.944504 0.352695 0.110991 0.129650
1 0.937231 0.260782 0.102909 0.101078
0 0.858836 0.318464 0.084052 0.075202
