1 0.520485 0.284771 0.127763 0.136119
0 0.397305 0.830863 0.140162 0.180323
0 0.260108 0.464016 0.145013 0.118329
0 0.430728 0.332210 0.086253 0.089757
0 0.612938 0.227358 0.098113 0.071968
0 0.569542 0.040836 0.092183 0.081671
0 0.668733 0.185849 0.041509 0.061186
2 0.255526 0.847574 0.171429 0.192183
0 0.428571 0.889488 0.116442 0.119677
0 0.476280 0.750270 0.111590 0.123720
1 0.292183 0.733019 0.097035 0.064420
0 0.298652 0.581536 0.141240 0.137736
0 0.492453 0.586253 0.174124 0.163342
1 0.582749 0.469137 0.158491 0.152291
0 0.579245 0.371024 0.133154 0.083288
0 0.635580 0.293396 0.099191 0.089757
0 0.390027 0.254313 0.113747 0.101078
0 0.692453 0.105930 0.099730 0.092183
0 0.650674 0.062938 0.091644 0.060108
0 0.541240 0.040566 0.149865 0.081132
0 0.501887 0.180593 0.083019 0.084097
0 0.456873 0.198518 0.058760 0.083288
2 0.616981 0.143261 0.122372 0.115094
0 0.335580 0.365903 0.141779 0.150674
