2 0.666392 0.732290 0.231192 0.243273
2 0.352828 0.653350 0.149918 0.175453
2 0.243273 0.601730 0.181219 0.183141
2 0.713893 0.182455 0.147172 0.149643
2 0.407194 0.110242 0.180670 0.172158
1 0.598572 0.125343 0.207578 0.178199
1 0.255354 0.746156 0.209775 0.173256
1 0.597199 0.296403 0.193850 0.164470
1 0.680395 0.380148 0.185612 0.177100
1 0.420923 0.279105 0.161999 0.165019
2 0.698517 0.581960 0.169138 0.169962
2 0.546952 0.545442 0.170236 0.212246
2 0.480231 0.806288 0.199341 0.219934
2 0.321527 0.864498 0.153213 0.229819
2 0.598023 0.847199 0.093355 0.072213
