0 0.577898 0.212803 0.138005 0.186253
0 0.339623 0.133423 0.204852 0.180593
0 0.272776 0.508221 0.087332 0.173315
1 0.418059 0.172102 0.079245 0.140431
1 0.564420 0.454852 0.164960 0.188410
2 0.712399 0.538949 0.143935 0.173315
1 0.394340 0.509299 0.211860 0.243396
1 0.576550 0.622507 0.216173 0.220755
1 0.740970 0.731941 0.137466 0.183019
1 0.653100 0.780997 0.212938 0.198113
1 0.560108 0.878571 0.154178 0.165768
1 0.452561 0.772642 0.182749 0.196496
1 0.299191 0.864016 0.204852 0.187332
1 0.269003 0.699326 0.236119 0.209434
1 0.165768 0.800404 0.086792 0.100000
1 0.165229 0.654852 0.198922 0.190566
1 0.204043 0.550809 0.107278 0.051482
