1 0.147446 0.962231 0.140054 0.075000
1 0.266667 0.961828 0.209677 0.076344
1 0.596640 0.937634 0.218548 0.124731
1 0.703495 0.942339 0.079032 0.114785
1 0.643817 0.496371 0.152151 0.181989
1 0.500000 0.465726 0.129032 0.148656
1 0.475000 0.360484 0.168280 0.175806
1 0.642742 0.293414 0.177957 0.180376
1 0.763978 0.369489 0.176344 0.176613
1 0.782796 0.462769 0.133333 0.104032
0 0.309946 0.884005 0.153226 0.174462
0 0.359409 0.854973 0.098387 0.145430
0 0.766398 0.252285 0.081183 0.069086
0 0.480645 0.209005 0.123656 0.141667
