0 0.781720 0.852554 0.130108 0.152419
0 0.725806 0.907661 0.194624 0.184140
0 0.119355 0.720565 0.202151 0.221774
0 0.238441 0.063306 0.186559 0.126613
0 0.121237 0.913441 0.242473 0.173118
0 0.255914 0.760349 0.232258 0.225000
1 0.358333 0.910215 0.270430 0.179570
1 0.585484 0.877957 0.240860 0.244086
1 0.448118 0.710081 0.238172 0.250269
1 0.664785 0.684005 0.243548 0.261559
1 0.337903 0.027957 0.185484 0.055376
1 0.536022 0.071909 0.231183 0.143817
0 0.584946 0.197984 0.188172 0.214247
0 0.743280 0.076613 0.193011 0.153226
0 0.345430 0.100672 0.110215 0.112097
