0 0.815054 0.798925 0.118280 0.091398
0 0.659677 0.890726 0.113978 0.104032
0 0.485484 0.872984 0.082796 0.098656
0 0.530645 0.776478 0.098925 0.101344
0 0.654839 0.741801 0.092473 0.095430
0 0.731720 0.776747 0.088172 0.091129
0 0.701882 0.688575 0.067204 0.080376
0 0.625000 0.657392 0.088710 0.090054
0 0.265591 0.977285 0.105376 0.044892
0 0.421505 0.950538 0.122581 0.098925
0 0.324194 0.885349 0.102151 0.122312
0 0.426613 0.816532 0.113441 0.112634
0 0.545161 0.938844 0.121505 0.106720
0 0.773387 0.673522 0.079032 0.096505
0 0.836290 0.738441 0.114516 0.066129
0 0.944355 0.774328 0.102688 0.100269
0 0.976613 0.742204 0.046774 0.126344
2 0.406720 0.883737 0.081183 0.081452
0 0.277151 0.924328 0.066129 0.076613
2 0.962097 0.880242 0.075806 0.129301
2 0.617742 0.959409 0.080645 0.081183
2 0.555645 0.990457 0.075806 0.018548
