2 0.117204 0.845833 0.208602 0.145430
0 0.155914 0.933602 0.127957 0.132796
0 0.320968 0.911290 0.253763 0.177419
0 0.181720 0.736425 0.272043 0.235215
0 0.442204 0.747446 0.255376 0.254032
0 0.623387 0.796102 0.212366 0.238441
0 0.513575 0.964247 0.137366 0.071505
0 0.676613 0.942742 0.225269 0.114516
0 0.721237 0.845565 0.062903 0.106183
0 0.593145 0.038844 0.177688 0.077688
0 0.384409 0.190995 0.187097 0.216398
0 0.490860 0.106720 0.155914 0.129570
0 0.263441 0.350403 0.204301 0.220161
1 0.341129 0.524059 0.162903 0.199731
1 0.529839 0.442339 0.199462 0.220161
1 0.679032 0.474866 0.110753 0.140054
1 0.802419 0.208468 0.182258 0.186828
0 0.546505 0.649328 0.120968 0.102957
0 0.597849 0.584946 0.177419 0.181720
0 0.655645 0.335618 0.170430 0.169086
0 0.491935 0.260618 0.161290 0.169624
0 0.708602 0.109140 0.132258 0.156989
0 0.840860 0.072177 0.118280 0.108871
0 0.456720 0.023656 0.114516 0.047312
