2 0.814785 0.922849 0.284409 0.154301
2 0.499731 0.587634 0.170430 0.187097
2 0.437366 0.419220 0.214516 0.158871
0 0.288978 0.912500 0.189785 0.174462
0 0.412097 0.925538 0.304839 0.148925
0 0.590591 0.888306 0.185484 0.222849
0 0.788710 0.701210 0.248387 0.269086
0 0.657796 0.490860 0.208065 0.235484
0 0.429301 0.222984 0.160753 0.237366
0 0.597312 0.050134 0.147312 0.100269
0 0.881989 0.481452 0.236022 0.226344
0 0.947581 0.688844 0.104839 0.206720
0 0.600000 0.240995 0.255914 0.305645
1 0.855376 0.227957 0.247312 0.310753
1 0.682796 0.080511 0.160215 0.111559
0 0.523656 0.757392 0.184946 0.155645
0 0.404839 0.650941 0.113978 0.169624
0 0.389247 0.496102 0.167742 0.140591
