2 0.629570 0.663978 0.077419 0.104301
2 0.554839 0.481317 0.118280 0.160484
2 0.511828 0.619624 0.168817 0.148925
2 0.652419 0.845833 0.073656 0.083065
2 0.555108 0.899866 0.120968 0.141667
2 0.431720 0.747177 0.152688 0.137366
2 0.358871 0.656586 0.103763 0.114247
2 0.266129 0.723522 0.163441 0.124462
0 0.307258 0.586694 0.150000 0.155108
0 0.334946 0.820565 0.116129 0.125000
0 0.378763 0.886694 0.055376 0.084140
0 0.607258 0.790995 0.152151 0.113172
0 0.518817 0.968817 0.148387 0.062366
0 0.628226 0.938038 0.077957 0.092204
0 0.301344 0.953091 0.177957 0.093280
0 0.281183 0.855511 0.156989 0.148656
