0 0.248387 0.186694 0.180645 0.219624
0 0.498656 0.909409 0.234946 0.181183
0 0.221505 0.961156 0.219355 0.077151
0 0.325538 0.836962 0.211290 0.231989
0 0.295699 0.376882 0.174194 0.169892
0 0.427688 0.388306 0.122043 0.148656
0 0.480108 0.354301 0.165591 0.162366
0 0.375000 0.242339 0.119892 0.145968
0 0.317204 0.155780 0.100000 0.161022
0 0.100000 0.184274 0.132258 0.124462
0 0.128495 0.317070 0.183871 0.155645
0 0.064247 0.391667 0.128495 0.131720
0 0.172043 0.477285 0.161290 0.163172
0 0.373387 0.516935 0.082258 0.148925
0 0.512366 0.808871 0.166667 0.083333
0 0.665726 0.963441 0.097581 0.073118
