0 0.757527 0.188575 0.194624 0.170699
0 0.426075 0.271909 0.195161 0.182527
0 0.546774 0.413575 0.125806 0.161559
0 0.707258 0.338172 0.097312 0.160215
0 0.605645 0.318145 0.182258 0.212634
0 0.637366 0.151478 0.114516 0.139516
0 0.624731 0.061962 0.139785 0.102419
0 0.531989 0.145430 0.158602 0.153226
0 0.358065 0.098522 0.208602 0.187366
0 0.269220 0.061694 0.134140 0.123387
0 0.457930 0.043011 0.176075 0.086022
0 0.251613 0.213844 0.197849 0.173925
0 0.350269 0.363844 0.138172 0.142742
0 0.233333 0.312769 0.113978 0.077151
