0 0.638710 0.273522 0.059140 0.059946
0 0.399731 0.466263 0.053226 0.059409
0 0.461828 0.447715 0.074194 0.072849
0 0.465860 0.358737 0.063978 0.064785
0 0.631183 0.225134 0.054839 0.036290
0 0.462366 0.147984 0.050538 0.049731
0 0.438172 0.106586 0.054839 0.064785
0 0.402957 0.111022 0.029570 0.036022
0 0.448656 0.195296 0.047849 0.059409
0 0.490860 0.404167 0.046237 0.045968
1 0.413978 0.413844 0.063441 0.064247
1 0.437366 0.502285 0.067204 0.075538
1 0.501075 0.499059 0.061290 0.056183
1 0.531183 0.453629 0.070968 0.075000
1 0.522581 0.332124 0.070968 0.068548
1 0.550000 0.311962 0.031183 0.044355
1 0.693817 0.294758 0.059677 0.065860
1 0.601613 0.256720 0.056989 0.057527
1 0.516935 0.272177 0.056452 0.055108
1 0.498656 0.199731 0.054301 0.059677
1 0.519355 0.154435 0.067742 0.060484
1 0.496774 0.119355 0.044086 0.031183
1 0.403763 0.159946 0.068817 0.061828
1 0.419355 0.210618 0.055914 0.049194
1 0.421774 0.263575 0.063978 0.064785
1 0.409677 0.327285 0.068817 0.067473
1 0.375269 0.327285 0.026882 0.054570
1 0.468280 0.293145 0.068817 0.068011
1 0.391667 0.378629 0.025269 0.040054
1 0.425269 0.374328 0.048387 0.038978
