0 0.387097 0.602554 0.140860 0.114785
0 0.476344 0.649194 0.104301 0.141398
0 0.433065 0.477554 0.128495 0.135753
0 0.533602 0.410081 0.111290 0.121237
0 0.569355 0.466263 0.131183 0.145430
0 0.613172 0.242070 0.098387 0.108871
0 0.516935 0.252554 0.113441 0.101882
0 0.594086 0.138575 0.102151 0.119086
0 0.690591 0.127554 0.091935 0.086290
0 0.708602 0.192070 0.112903 0.126075
0 0.773925 0.243952 0.126344 0.085753
0 0.661828 0.405645 0.072043 0.114516
0 0.553495 0.341801 0.108065 0.078226
0 0.679301 0.510618 0.131720 0.127688
0 0.753226 0.511962 0.082796 0.119624
0 0.579032 0.604167 0.121505 0.122312
0 0.303495 0.156317 0.098387 0.098656
