2 0.408602 0.821640 0.198925 0.255108
2 0.810753 0.517204 0.176344 0.178495
2 0.712097 0.664382 0.174731 0.173925
2 0.155376 0.885215 0.250538 0.229570
0 0.313172 0.930645 0.218817 0.138710
0 0.583333 0.915591 0.215054 0.168817
0 0.740188 0.960484 0.123925 0.079032
0 0.763978 0.879167 0.192473 0.221774
0 0.299194 0.808468 0.051075 0.105108
0 0.039919 0.964516 0.079301 0.070968
0 0.925538 0.838306 0.148925 0.189516
0 0.857258 0.719892 0.175806 0.194624
0 0.931183 0.528091 0.137634 0.228226
0 0.858333 0.329570 0.216667 0.259140
0 0.656183 0.434543 0.224194 0.256183
0 0.792742 0.122043 0.200538 0.172043
0 0.941129 0.170565 0.117742 0.130376
0 0.548656 0.726747 0.201613 0.178226
0 0.480645 0.525403 0.233333 0.232527
2 0.441935 0.640726 0.116129 0.114785
2 0.519624 0.386694 0.098387 0.107796
2 0.674194 0.266801 0.170968 0.137903
1 0.887903 0.061694 0.163978 0.123387
0 0.977419 0.312769 0.045161 0.153495
1 0.971774 0.696102 0.056452 0.125538
