0 0.419086 0.833199 0.123118 0.111559
0 0.361022 0.836962 0.061828 0.108333
0 0.406452 0.570430 0.126882 0.064516
0 0.634140 0.611962 0.115591 0.121774
0 0.455108 0.370565 0.115591 0.107796
0 0.712097 0.896371 0.125269 0.116398
0 0.625806 0.246640 0.074194 0.078226
0 0.345161 0.933737 0.076344 0.116935
0 0.453763 0.284543 0.076344 0.071237
1 0.424194 0.943280 0.164516 0.113441
1 0.600269 0.919489 0.131720 0.152957
1 0.687097 0.780780 0.155914 0.166935
1 0.463710 0.729167 0.140323 0.134677
1 0.641667 0.478091 0.143548 0.147581
1 0.545968 0.296371 0.122043 0.131452
1 0.563978 0.167473 0.116129 0.119892
1 0.704570 0.580914 0.109140 0.131720
1 0.619489 0.716801 0.089516 0.058333
1 0.531183 0.428091 0.125806 0.108871
0 0.508065 0.513306 0.139785 0.143817
0 0.630645 0.974731 0.110753 0.050538
