1 0.679301 0.953226 0.148925 0.093548
1 0.479839 0.938978 0.255376 0.122043
1 0.248118 0.957930 0.216667 0.083602
1 0.152419 0.909140 0.126344 0.112903
1 0.234677 0.800134 0.258602 0.235753
1 0.469086 0.742876 0.223118 0.224462
2 0.574194 0.867339 0.186022 0.157258
2 0.786290 0.647446 0.191935 0.194892
2 0.868011 0.529167 0.090860 0.104570
2 0.501075 0.590457 0.141935 0.098118
2 0.574194 0.306452 0.152688 0.172043
2 0.578495 0.280511 0.162366 0.221237
2 0.083065 0.533737 0.152151 0.144892
2 0.936828 0.236694 0.126344 0.159409
2 0.638172 0.661156 0.115054 0.175000
0 0.550538 0.478629 0.213978 0.204570
0 0.734946 0.507392 0.141935 0.141667
0 0.725806 0.336022 0.191398 0.191398
2 0.837366 0.487634 0.152151 0.184946
0 0.045161 0.270027 0.090323 0.163710
1 0.058602 0.422715 0.117204 0.156183
1 0.212366 0.475538 0.161290 0.163978
1 0.097043 0.154839 0.145699 0.168817
2 0.178763 0.327285 0.134946 0.136290
