0 0.757258 0.217070 0.161828 0.159946
0 0.620699 0.320565 0.167204 0.175538
0 0.761022 0.355242 0.122043 0.111559
2 0.497581 0.727823 0.197312 0.195430
2 0.581452 0.876210 0.140323 0.201882
2 0.798925 0.482930 0.130108 0.162634
2 0.234677 0.341801 0.146774 0.148118
1 0.207527 0.200941 0.124731 0.123387
1 0.487903 0.525269 0.189785 0.215054
1 0.659946 0.493145 0.180108 0.194892
1 0.711022 0.683737 0.231720 0.202957
1 0.723925 0.800269 0.209140 0.142473
1 0.457258 0.942608 0.222043 0.114247
1 0.381989 0.628091 0.176882 0.154032
1 0.610753 0.185887 0.141935 0.123387
2 0.497312 0.308199 0.111828 0.156183
