0 0.838172 0.390323 0.135484 0.117204
0 0.721505 0.828091 0.216129 0.174462
0 0.541129 0.769489 0.185484 0.181989
0 0.685753 0.611022 0.123118 0.141398
0 0.728226 0.485081 0.153226 0.165860
0 0.486022 0.179167 0.158065 0.154032
1 0.597043 0.925538 0.231720 0.148925
1 0.266935 0.841532 0.237097 0.218548
1 0.361022 0.952151 0.183333 0.095699
1 0.593548 0.354032 0.206452 0.201613
1 0.698925 0.195833 0.210753 0.234677
0 0.435484 0.300538 0.196774 0.200000
0 0.443011 0.459812 0.180645 0.146505
0 0.397312 0.660618 0.218280 0.230914
2 0.821505 0.568952 0.209677 0.195968
1 0.738441 0.943011 0.102688 0.087097
