2 0.615591 0.929301 0.135484 0.141398
2 0.266667 0.575941 0.126882 0.093817
2 0.302957 0.354973 0.099462 0.095968
2 0.335753 0.449328 0.096237 0.095430
2 0.543548 0.860618 0.074194 0.062097
2 0.234946 0.722715 0.149462 0.125000
2 0.403226 0.989113 0.105376 0.021237
2 0.374462 0.940188 0.093011 0.114785
0 0.264516 0.831317 0.122581 0.107796
0 0.329032 0.884812 0.048387 0.108333
0 0.680645 0.986962 0.097849 0.025538
0 0.370699 0.532930 0.110215 0.100269
0 0.224731 0.401747 0.139785 0.119624
0 0.413710 0.413306 0.096237 0.110484
0 0.511290 0.418414 0.110753 0.092742
0 0.441532 0.489113 0.079839 0.066398
0 0.491129 0.540995 0.131720 0.161559
0 0.578495 0.615188 0.132258 0.136828
0 0.621237 0.751210 0.136022 0.146505
2 0.648118 0.888844 0.099462 0.103495
0 0.719624 0.976882 0.108065 0.046237
0 0.294355 0.521640 0.054301 0.060484
0 0.205914 0.511559 0.144086 0.105914
0 0.253763 0.283468 0.125806 0.123925
0 0.157796 0.278898 0.095161 0.113710
0 0.401613 0.199059 0.116129 0.108871
0 0.312366 0.239382 0.073118 0.066935
1 0.479301 0.321505 0.102688 0.132258
0 0.376344 0.294489 0.120430 0.154570
2 0.255914 0.157392 0.082796 0.084677
0 0.240054 0.202554 0.071505 0.053495
0 0.354032 0.073522 0.104839 0.105108
0 0.372581 0.030242 0.093548 0.059409
0 0.285349 0.028629 0.083065 0.057258
1 0.206452 0.057124 0.098925 0.103495
0 0.157258 0.189919 0.106989 0.085215
0 0.196505 0.137903 0.073656 0.072581
0 0.132258 0.103091 0.089247 0.098656
0 0.285484 0.110618 0.091398 0.097581
2 0.457527 0.238575 0.049462 0.078226
0 0.479032 0.914516 0.146237 0.170968
1 0.506452 0.759274 0.137634 0.144355
1 0.386290 0.860349 0.095161 0.081989
1 0.367204 0.761962 0.140860 0.146505
1 0.391129 0.622984 0.145699 0.135215
1 0.290054 0.655511 0.117742 0.119624
