0 0.661425 0.036156 0.070699 0.072312
0 0.692204 0.076210 0.060753 0.049194
0 0.583333 0.194220 0.092473 0.103495
0 0.647581 0.221640 0.047849 0.061559
0 0.466667 0.120565 0.069892 0.079839
0 0.451344 0.194892 0.055376 0.048925
1 0.600806 0.047177 0.099462 0.093280
0 0.644892 0.128898 0.087634 0.082527
0 0.512366 0.187500 0.070968 0.078226
0 0.541129 0.111425 0.098387 0.093817
0 0.487634 0.040188 0.097849 0.080376
0 0.464785 0.075941 0.036022 0.033602
0 0.442473 0.140323 0.050538 0.058602
0 0.426613 0.183199 0.045699 0.058871
