1 0.462366 0.055511 0.056989 0.084140
1 0.604839 0.155780 0.126882 0.121237
1 0.320968 0.322581 0.143011 0.138710
1 0.431720 0.386962 0.124731 0.158871
1 0.308065 0.459543 0.089247 0.097581
1 0.393817 0.742876 0.043548 0.096505
1 0.352688 0.806048 0.084946 0.086290
1 0.352419 0.897849 0.095161 0.096774
1 0.414516 0.934812 0.048387 0.095430
1 0.320699 0.828898 0.045699 0.058871
1 0.518011 0.780108 0.052151 0.093548
1 0.528898 0.846640 0.062634 0.053495
0 0.516129 0.869220 0.063441 0.071774
2 0.722849 0.572715 0.100538 0.134677
2 0.722043 0.494220 0.065591 0.064785
2 0.608333 0.492876 0.123118 0.121237
2 0.465860 0.542473 0.019892 0.080645
2 0.545968 0.545296 0.071505 0.134677
1 0.582796 0.381586 0.119355 0.138441
2 0.664516 0.346371 0.063441 0.109946
0 0.704032 0.227823 0.119892 0.125538
2 0.445699 0.189785 0.080645 0.115054
2 0.392204 0.034812 0.082258 0.069624
2 0.302688 0.046505 0.092473 0.093011
0 0.587097 0.264651 0.149462 0.144355
