1 0.633602 0.429301 0.184409 0.195161
2 0.163978 0.860887 0.205376 0.190591
2 0.353226 0.596909 0.152688 0.152957
2 0.341129 0.439113 0.161828 0.152419
2 0.691129 0.918414 0.074731 0.115323
0 0.263172 0.713038 0.180108 0.170161
0 0.120161 0.599328 0.238172 0.179301
0 0.577419 0.149597 0.182796 0.178763
0 0.328495 0.078629 0.105376 0.137903
0 0.192742 0.122715 0.174731 0.166935
0 0.426075 0.167339 0.130645 0.134677
0 0.304570 0.256855 0.204839 0.239516
0 0.188172 0.445699 0.200000 0.203226
0 0.491667 0.354167 0.212366 0.240591
0 0.494086 0.562231 0.147312 0.181452
0 0.631989 0.607258 0.168280 0.167204
0 0.527957 0.735753 0.215054 0.182258
0 0.348925 0.867070 0.184946 0.192204
2 0.045430 0.965457 0.090860 0.068548
0 0.153763 0.963306 0.188172 0.072849
0 0.334946 0.976747 0.209677 0.045968
0 0.544624 0.910215 0.236559 0.179570
0 0.502419 0.833199 0.140323 0.118011
0 0.687903 0.981048 0.101613 0.037366
