1 0.367473 0.083468 0.136022 0.111022
1 0.211290 0.235349 0.111828 0.084677
1 0.557258 0.091532 0.123118 0.135753
1 0.629301 0.064651 0.109140 0.107796
1 0.550269 0.164516 0.076882 0.054839
1 0.560753 0.011694 0.093548 0.023387
2 0.175000 0.891935 0.120968 0.139785
2 0.382796 0.434005 0.096774 0.100269
2 0.641398 0.329435 0.135484 0.139516
2 0.975000 0.518952 0.050000 0.090591
2 0.972043 0.227285 0.055914 0.058871
2 0.953763 0.160618 0.092473 0.090054
2 0.897312 0.260081 0.089247 0.082527
2 0.872849 0.213172 0.101613 0.095161
2 0.836156 0.185349 0.079839 0.069624
0 0.506048 0.155511 0.014785 0.075538
0 0.436559 0.164113 0.073118 0.140054
