0 0.704839 0.417339 0.075269 0.079839
0 0.634677 0.424059 0.072581 0.090054
0 0.619892 0.565726 0.107527 0.109946
0 0.495699 0.568011 0.073118 0.070430
1 0.576882 0.401344 0.088172 0.095161
1 0.516667 0.471371 0.063441 0.071774
1 0.753763 0.475672 0.076344 0.085753
1 0.686559 0.487500 0.095699 0.071774
1 0.564247 0.507930 0.112366 0.105108
1 0.587634 0.464382 0.068817 0.048118
1 0.720968 0.567608 0.101075 0.104032
1 0.429301 0.600672 0.088710 0.105645
1 0.464247 0.641801 0.051075 0.037366
1 0.383871 0.762231 0.118280 0.128763
1 0.445699 0.875672 0.156989 0.157796
1 0.388710 0.959409 0.145161 0.081183
1 0.295430 0.932527 0.157527 0.134946
1 0.534677 0.955108 0.146774 0.089785
1 0.665860 0.955914 0.142473 0.088172
1 0.587097 0.865995 0.132258 0.134140
1 0.741667 0.851747 0.103763 0.117473
1 0.673925 0.821237 0.118817 0.123118
1 0.546774 0.792876 0.130108 0.094355
1 0.480914 0.719086 0.138172 0.129570
1 0.437634 0.795027 0.087097 0.030914
1 0.564247 0.632661 0.133871 0.130914
1 0.518683 0.606048 0.079301 0.089516
1 0.684140 0.633468 0.103763 0.060484
1 0.687097 0.697177 0.115054 0.125538
0 0.609946 0.724328 0.118817 0.121774
