1 0.330376 0.513038 0.118817 0.134677
1 0.405376 0.494489 0.116129 0.121237
1 0.525538 0.438575 0.132796 0.127688
1 0.651613 0.439919 0.123656 0.090591
1 0.666398 0.538172 0.160753 0.165591
1 0.817473 0.660618 0.165054 0.153495
1 0.669086 0.690188 0.197312 0.170699
1 0.531720 0.593145 0.161290 0.175538
1 0.415323 0.705780 0.196237 0.172849
1 0.518548 0.795161 0.148925 0.162366
2 0.365860 0.921774 0.197312 0.156452
2 0.895699 0.968414 0.208602 0.062634
1 0.707796 0.977016 0.153226 0.045430
1 0.554839 0.912500 0.205376 0.174462
1 0.571102 0.832661 0.162097 0.124462
1 0.752688 0.874059 0.200000 0.206183
