0 0.558871 0.915726 0.097312 0.084140
0 0.438172 0.558737 0.104301 0.104570
0 0.596237 0.524866 0.084946 0.085215
0 0.510484 0.506586 0.070430 0.062634
0 0.534140 0.560081 0.095161 0.096505
0 0.613978 0.688172 0.067742 0.048387
0 0.614785 0.615591 0.117742 0.110753
0 0.483333 0.637231 0.088172 0.098118
0 0.541398 0.683199 0.089247 0.098656
0 0.566398 0.971505 0.083333 0.056989
0 0.478495 0.957796 0.086022 0.084409
0 0.488441 0.862231 0.082258 0.105108
0 0.425269 0.915995 0.090323 0.082527
0 0.572849 0.853091 0.082258 0.066398
0 0.624194 0.927823 0.067742 0.087903
