0 0.952474 0.687581 0.095052 0.121908
0 0.893880 0.527995 0.115234 0.110677
0 0.893880 0.527995 0.115234 0.110677
0 0.699870 0.406982 0.114583 0.123861
0 0.699870 0.406982 0.114583 0.123861
0 0.699870 0.406982 0.114583 0.123861
0 0.598307 0.405924 0.106120 0.113932
0 0.598307 0.405924 0.106120 0.113932
0 0.583333 0.551921 0.104167 0.092773
0 0.233561 0.449788 0.146810 0.128092
0 0.063639 0.169840 0.127279 0.169759
0 0.761230 0.793945 0.086263 0.084635
0 0.761230 0.793945 0.086263 0.084635
0 0.701335 0.888672 0.094076 0.078776
0 0.701335 0.888672 0.094076 0.078776
0 0.547526 0.686768 0.073568 0.088379
0 0.547526 0.686768 0.073568 0.088379
0 0.298177 0.548258 0.096354 0.092611
0 0.298177 0.548258 0.096354 0.092611
0 0.252116 0.661051 0.095378 0.073405
0 0.235026 0.634847 0.089193 0.062663
2 0.040202 0.495036 0.080404 0.117676
0 0.282064 0.283366 0.131185 0.121419
0 0.220540 0.345459 0.071289 0.035319
0 0.319661 0.385010 0.134766 0.145020
0 0.952962 0.107829 0.094076 0.097819
0 0.942546 0.023193 0.114909 0.046387
0 0.958171 0.973307 0.079753 0.053385
0 0.920410 0.869141 0.079102 0.084635
0 0.229329 0.739176 0.059570 0.070150
0 0.163411 0.829997 0.076823 0.059082
0 0.183594 0.738688 0.052734 0.067871
0 0.050618 0.673421 0.062174 0.067546
0 0.112630 0.421631 0.087240 0.062663
