0 0.381999 0.469238 0.129883 0.099935
0 0.248535 0.488688 0.077799 0.089355
0 0.221680 0.402751 0.103516 0.088053
0 0.195312 0.355550 0.098307 0.073079
0 0.311361 0.375732 0.077148 0.087402
0 0.417969 0.378337 0.113281 0.112142
0 0.441895 0.336995 0.083659 0.095215
0 0.523926 0.347331 0.092773 0.113281
0 0.525716 0.443929 0.105469 0.108561
0 0.469401 0.525798 0.134115 0.108887
0 0.636719 0.608561 0.109375 0.127930
0 0.530273 0.586914 0.083984 0.076823
0 0.358073 0.515544 0.084635 0.071452
1 0.573079 0.558187 0.094076 0.110514
