0 0.064453 0.492269 0.124349 0.104329
0 0.176595 0.419434 0.097331 0.105143
0 0.205404 0.465902 0.111328 0.101725
0 0.139974 0.569824 0.100260 0.107747
0 0.160156 0.672933 0.100911 0.108236
0 0.027832 0.660889 0.055664 0.078939
0 0.229167 0.602539 0.114583 0.110026
0 0.426432 0.496745 0.121745 0.108724
0 0.432292 0.438070 0.087891 0.054525
0 0.499349 0.556234 0.110026 0.064290
0 0.718913 0.575684 0.127279 0.127930
0 0.799642 0.552327 0.135091 0.116374
0 0.690592 0.465251 0.099935 0.101074
0 0.767741 0.399984 0.135742 0.125488
0 0.681478 0.340413 0.112305 0.137207
0 0.602865 0.366211 0.095052 0.115234
