0 0.516602 0.643799 0.132161 0.124837
0 0.528646 0.551676 0.153646 0.138509
0 0.552409 0.392171 0.085286 0.134603
0 0.495443 0.414144 0.138672 0.156413
0 0.766927 0.504232 0.171224 0.167318
0 0.861491 0.416504 0.161784 0.156576
0 0.801270 0.301351 0.074544 0.123535
0 0.885579 0.259115 0.141602 0.177083
0 0.950521 0.304932 0.098958 0.183431
0 0.969401 0.487549 0.061198 0.177572
0 0.351562 0.055420 0.093099 0.095866
0 0.375814 0.138753 0.091471 0.092611
0 0.294271 0.155355 0.064453 0.091309
0 0.154134 0.031006 0.101237 0.062012
0 0.209473 0.980225 0.093424 0.039225
