0 0.105143 0.495036 0.113281 0.111816
0 0.162760 0.463460 0.070312 0.090983
0 0.180664 0.435628 0.078776 0.086751
0 0.153483 0.538818 0.053060 0.039225
0 0.180176 0.556885 0.045247 0.043457
0 0.230632 0.484456 0.091471 0.032715
0 0.241048 0.541748 0.095378 0.038574
0 0.373372 0.381429 0.110026 0.104655
0 0.469889 0.347900 0.099284 0.116374
0 0.494954 0.444092 0.121419 0.116048
0 0.436523 0.504313 0.041016 0.042480
0 0.497721 0.595133 0.114583 0.115397
0 0.546387 0.408529 0.077799 0.067057
0 0.512370 0.501221 0.044922 0.029785
