0 0.648926 0.581136 0.059570 0.061361
0 0.664388 0.649170 0.071615 0.063965
0 0.618652 0.679281 0.060221 0.065592
0 0.567708 0.686605 0.047526 0.067220
0 0.515137 0.660726 0.066732 0.056478
0 0.551595 0.388916 0.061523 0.062988
0 0.576335 0.448812 0.074544 0.055176
0 0.544922 0.494873 0.076823 0.067871
0 0.482422 0.526123 0.059245 0.076335
0 0.437174 0.504476 0.072266 0.067546
0 0.467448 0.449626 0.069010 0.063314
0 0.280762 0.312826 0.069987 0.056641
0 0.316895 0.287191 0.077148 0.064616
0 0.341797 0.348226 0.064453 0.080566
0 0.396973 0.317952 0.068034 0.055176
0 0.366374 0.219157 0.056315 0.073079
0 0.387370 0.263916 0.061198 0.057129
0 0.448405 0.263672 0.068685 0.066406
0 0.438477 0.322998 0.059896 0.069173
0 0.487142 0.261637 0.052409 0.063639
0 0.433431 0.209310 0.071940 0.062500
0 0.316081 0.130941 0.066406 0.073079
0 0.260742 0.155355 0.061849 0.056152
0 0.208008 0.186035 0.061198 0.061523
0 0.203939 0.126058 0.068685 0.070475
0 0.157715 0.090251 0.079753 0.061361
0 0.268229 0.099772 0.051432 0.058919
0 0.281738 0.043050 0.064779 0.075684
0 0.804199 0.040446 0.062826 0.080892
0 0.837728 0.136312 0.066081 0.070801
0 0.787272 0.121663 0.059570 0.066895
