0 0.451823 0.561930 0.108073 0.091960
0 0.452962 0.509033 0.078451 0.048665
0 0.490560 0.470785 0.082031 0.092611
0 0.497559 0.606038 0.056966 0.054525
0 0.546061 0.571208 0.090169 0.091634
0 0.615397 0.510661 0.095378 0.085124
0 0.612630 0.581543 0.057292 0.064779
0 0.619792 0.888916 0.082682 0.090983
0 0.569336 0.858480 0.075521 0.082845
0 0.524251 0.912516 0.092122 0.112793
0 0.458333 0.865804 0.093750 0.094889
0 0.566732 0.174886 0.081380 0.096517
0 0.475911 0.211019 0.076823 0.090658
0 0.545573 0.081950 0.083333 0.087728
