0 0.121582 0.442301 0.186523 0.138509
0 0.049479 0.664958 0.098958 0.184733
0 0.045085 0.322428 0.090169 0.178711
0 0.415527 0.545003 0.127930 0.124512
0 0.417155 0.641846 0.123372 0.126139
0 0.516927 0.594808 0.098307 0.124512
0 0.443197 0.390869 0.105794 0.128743
0 0.540527 0.431885 0.127279 0.119629
0 0.625326 0.559977 0.143880 0.134277
0 0.660807 0.714600 0.116536 0.142741
0 0.747233 0.525309 0.123372 0.132650
0 0.847982 0.569906 0.154948 0.118978
0 0.814453 0.704671 0.129557 0.115072
0 0.711426 0.754964 0.101237 0.127116
