0 0.214193 0.527425 0.088542 0.125814
0 0.176595 0.418701 0.104492 0.097819
0 0.176595 0.418701 0.104492 0.097819
0 0.295085 0.436605 0.113607 0.093913
0 0.287923 0.336995 0.099935 0.114746
0 0.287923 0.344076 0.099935 0.100911
0 0.412923 0.333252 0.089518 0.098796
0 0.490234 0.325439 0.088542 0.108561
0 0.454264 0.408773 0.076497 0.078613
0 0.560384 0.310059 0.074544 0.097331
0 0.616374 0.330973 0.052409 0.062988
0 0.604329 0.377360 0.056966 0.072428
0 0.604818 0.377686 0.055990 0.072428
0 0.551107 0.405518 0.108073 0.100749
0 0.490560 0.487386 0.093750 0.099121
0 0.615397 0.463135 0.112305 0.096191
0 0.642415 0.412760 0.060221 0.060547
0 0.557129 0.524007 0.086263 0.096191
0 0.478678 0.553792 0.068685 0.067871
0 0.536621 0.575277 0.063477 0.078288
