0 0.625814 0.383057 0.144206 0.159993
0 0.509277 0.323649 0.127279 0.133626
0 0.414388 0.387451 0.162109 0.178548
0 0.348145 0.476481 0.155273 0.115723
0 0.417155 0.565023 0.161784 0.150879
0 0.382812 0.663005 0.102214 0.103353
0 0.485026 0.712809 0.162109 0.187337
0 0.540202 0.456787 0.153971 0.162272
0 0.555013 0.596598 0.113281 0.117676
0 0.643066 0.687907 0.166341 0.162923
0 0.847819 0.403320 0.142253 0.111979
0 0.937663 0.453369 0.105794 0.096191
0 0.622070 0.971517 0.131510 0.056966
0 0.960124 0.561361 0.079753 0.133789
