0 0.855306 0.440511 0.122721 0.118652
0 0.861979 0.332113 0.104167 0.113444
0 0.775065 0.335042 0.081380 0.098470
0 0.754395 0.413656 0.118815 0.104655
0 0.724447 0.535075 0.128581 0.060384
0 0.563151 0.366455 0.102865 0.144368
0 0.627441 0.370036 0.038086 0.083822
0 0.483236 0.340576 0.084310 0.102376
0 0.521484 0.451904 0.136068 0.137533
0 0.431803 0.454346 0.084961 0.090983
0 0.493327 0.604574 0.111003 0.123861
0 0.185384 0.453532 0.114258 0.106934
0 0.026530 0.636149 0.053060 0.129720
0 0.067220 0.376058 0.125977 0.146647
0 0.119792 0.337321 0.098307 0.137533
0 0.949544 0.404297 0.100911 0.057292
0 0.979980 0.483643 0.040039 0.100098
