0 0.295898 0.893473 0.113932 0.139811
0 0.168783 0.807373 0.109049 0.129069
0 0.185710 0.703532 0.115560 0.097168
0 0.282389 0.774333 0.144857 0.122233
0 0.439453 0.830160 0.139974 0.126465
0 0.440430 0.317464 0.108073 0.104980
0 0.385091 0.348551 0.053385 0.081217
0 0.395671 0.440186 0.106445 0.105632
0 0.458496 0.410645 0.112956 0.111654
0 0.463379 0.537354 0.036133 0.053223
0 0.405599 0.520101 0.076172 0.083822
0 0.525879 0.569743 0.092773 0.100423
0 0.542643 0.495036 0.097656 0.105957
0 0.576172 0.389079 0.128255 0.110189
0 0.631999 0.488200 0.109049 0.099447
0 0.601725 0.545817 0.067383 0.042155
0 0.719727 0.317464 0.100911 0.108887
0 0.580892 0.269938 0.085612 0.069824
0 0.581706 0.206950 0.095052 0.084473
0 0.674479 0.132894 0.100911 0.111491
0 0.574382 0.149333 0.086914 0.062337
