0 0.306315 0.519450 0.157552 0.128092
0 0.321289 0.405355 0.138672 0.101725
0 0.396647 0.601481 0.115560 0.155436
0 0.306722 0.611084 0.084798 0.084798
0 0.457357 0.633219 0.102214 0.133626
0 0.508464 0.522054 0.140625 0.130046
0 0.433919 0.347412 0.134115 0.144043
0 0.408529 0.269775 0.116536 0.126139
0 0.573242 0.538167 0.099609 0.115397
0 0.629395 0.428630 0.145508 0.127441
0 0.542969 0.388590 0.069661 0.066243
0 0.591634 0.322103 0.114909 0.112305
0 0.699544 0.322347 0.106771 0.143392
0 0.816895 0.354574 0.144857 0.137533
0 0.784180 0.470947 0.113281 0.094238
0 0.688314 0.523519 0.110352 0.120605
