0 0.176432 0.399821 0.124349 0.129069
0 0.153971 0.461344 0.054036 0.048340
0 0.161947 0.566162 0.123372 0.114095
0 0.215169 0.524007 0.147786 0.142415
0 0.245443 0.608561 0.051432 0.066081
0 0.340007 0.621826 0.146810 0.156413
0 0.427572 0.638346 0.078451 0.103516
0 0.474284 0.533447 0.161458 0.130697
0 0.341634 0.479248 0.156576 0.138184
0 0.265788 0.398031 0.122721 0.122884
0 0.319824 0.291585 0.138997 0.145020
0 0.391439 0.349854 0.144857 0.145671
0 0.470866 0.413167 0.135091 0.115397
0 0.935547 0.816813 0.128906 0.188314
0 0.945801 0.624512 0.108398 0.125326
0 0.928548 0.522217 0.127279 0.145996
0 0.817708 0.581787 0.124349 0.099772
0 0.825358 0.711426 0.120117 0.108398
0 0.516927 0.478027 0.039714 0.036784
