0 0.037760 0.363525 0.075521 0.102051
0 0.028646 0.277995 0.057292 0.100911
0 0.102539 0.275960 0.111979 0.129395
0 0.125163 0.371582 0.112305 0.124023
0 0.049805 0.506104 0.099609 0.115723
0 0.184733 0.483154 0.117513 0.117350
0 0.097982 0.544352 0.079427 0.069824
0 0.436198 0.536540 0.136068 0.092611
0 0.499674 0.627686 0.104818 0.136882
0 0.566406 0.542074 0.101562 0.087402
0 0.655924 0.521891 0.086589 0.090007
0 0.716471 0.521566 0.090495 0.094564
0 0.532227 0.467204 0.080078 0.084147
0 0.613932 0.393799 0.096354 0.123535
0 0.588542 0.349854 0.084635 0.081868
0 0.522461 0.385824 0.087240 0.085449
0 0.466146 0.358480 0.089193 0.108236
0 0.423014 0.422770 0.118164 0.074056
0 0.516113 0.327881 0.060872 0.047689
0 0.958496 0.673747 0.083008 0.109863
0 0.875814 0.608724 0.108398 0.074870
0 0.947428 0.547445 0.101888 0.078613
0 0.974609 0.434814 0.050781 0.114421
0 0.902018 0.455485 0.097656 0.085449
0 0.896322 0.494059 0.081706 0.061686
0 0.844889 0.565023 0.056315 0.017415
0 0.853516 0.517497 0.095703 0.035645
0 0.167643 0.303792 0.031901 0.074382
