0 0.868490 0.293864 0.093099 0.118978
0 0.821289 0.347331 0.113281 0.123698
0 0.490072 0.355143 0.107747 0.136068
0 0.403483 0.387939 0.172852 0.211426
0 0.359863 0.457764 0.137695 0.110189
0 0.279948 0.503011 0.106771 0.112142
0 0.539714 0.505941 0.180339 0.180501
0 0.370443 0.596110 0.214193 0.178548
0 0.276367 0.638590 0.137370 0.160645
0 0.482422 0.712728 0.182943 0.204102
0 0.642578 0.665771 0.145182 0.151204
0 0.558919 0.757080 0.109375 0.147624
0 0.102539 0.841715 0.200521 0.246582
0 0.057699 0.757080 0.115397 0.161296
0 0.035970 0.962158 0.071940 0.075358
