0 0.056641 0.470947 0.113281 0.124186
0 0.130534 0.675212 0.124349 0.119303
0 0.143066 0.558024 0.127930 0.122559
0 0.184408 0.468831 0.094076 0.097168
0 0.253092 0.624593 0.144206 0.109212
0 0.517741 0.553141 0.153320 0.129069
0 0.517741 0.553141 0.153320 0.129069
0 0.482747 0.422445 0.134115 0.143717
0 0.428711 0.352946 0.113932 0.129720
0 0.428711 0.352946 0.113932 0.129720
0 0.559733 0.377197 0.109701 0.120280
0 0.612142 0.517497 0.106445 0.074707
0 0.244303 0.480713 0.089518 0.098796
0 0.244303 0.480713 0.089518 0.098796
0 0.880859 0.583984 0.154948 0.173828
0 0.797038 0.458577 0.168294 0.148926
0 0.797038 0.458577 0.168294 0.148926
0 0.765299 0.333415 0.166016 0.132975
0 0.765299 0.333415 0.166016 0.132975
0 0.892415 0.230713 0.150716 0.193197
0 0.892415 0.230713 0.150716 0.193197
0 0.939779 0.374593 0.120443 0.167806
0 0.944336 0.515625 0.111328 0.136393
0 0.944336 0.515625 0.111328 0.136393
0 0.804199 0.235921 0.049154 0.094238
0 0.804199 0.235921 0.049154 0.094238
