0 0.731283 0.500407 0.169596 0.159017
0 0.716960 0.374105 0.126628 0.129720
0 0.595052 0.499512 0.165365 0.142904
0 0.473145 0.660075 0.155273 0.157389
0 0.384277 0.508382 0.153320 0.171061
0 0.391764 0.374105 0.126628 0.145345
0 0.277181 0.497233 0.108398 0.118164
0 0.302409 0.598714 0.144531 0.115397
0 0.326497 0.428630 0.044271 0.030436
0 0.225586 0.406413 0.110677 0.140299
0 0.161133 0.444255 0.104818 0.163249
0 0.058431 0.538005 0.116862 0.158040
0 0.079102 0.730713 0.135417 0.140462
0 0.228678 0.712972 0.111654 0.157064
0 0.078125 0.491292 0.111328 0.118001
0 0.086914 0.421061 0.054688 0.067383
