0 0.488770 0.408936 0.088216 0.086751
0 0.592773 0.402588 0.095052 0.069499
0 0.599284 0.462809 0.095703 0.086426
0 0.523275 0.475830 0.065430 0.070801
0 0.607747 0.510824 0.054688 0.027507
0 0.545085 0.532471 0.088216 0.082520
0 0.458984 0.507894 0.077474 0.076986
0 0.400553 0.467692 0.075846 0.071452
0 0.440430 0.550293 0.087891 0.086263
0 0.389811 0.510498 0.058268 0.048991
0 0.413900 0.824382 0.073893 0.073242
0 0.469564 0.869873 0.088867 0.099772
0 0.566895 0.836995 0.092122 0.090658
0 0.586263 0.776611 0.074219 0.061686
0 0.475749 0.933838 0.088216 0.080566
0 0.539062 0.872070 0.056641 0.080729
0 0.550293 0.180257 0.077799 0.065592
0 0.494629 0.255778 0.011393 0.044759
0 0.451660 0.263916 0.022461 0.064290
