0 0.171061 0.935303 0.127930 0.120605
0 0.062988 0.882894 0.119466 0.129720
0 0.495117 0.550212 0.132812 0.114746
0 0.604980 0.606689 0.113607 0.139160
0 0.552246 0.649007 0.096680 0.117025
0 0.431478 0.554606 0.061523 0.098145
0 0.474609 0.469320 0.109375 0.076660
0 0.829753 0.363037 0.125000 0.134277
0 0.951986 0.404867 0.096029 0.065592
0 0.944010 0.346598 0.111979 0.090332
0 0.793294 0.245687 0.110677 0.123535
0 0.710124 0.212402 0.127279 0.111003
0 0.797038 0.124593 0.099284 0.121582
0 0.877604 0.146973 0.123047 0.146159
