0 0.601888 0.424479 0.104167 0.120443
0 0.500326 0.453695 0.128906 0.112467
0 0.414225 0.499430 0.111654 0.119954
0 0.276693 0.318197 0.089844 0.097982
0 0.412435 0.657308 0.122396 0.124512
0 0.510579 0.557699 0.125977 0.119954
0 0.521647 0.651286 0.099935 0.088379
0 0.595703 0.522054 0.084635 0.089030
0 0.668457 0.515869 0.104492 0.106608
0 0.613607 0.677653 0.047526 0.041504
0 0.647461 0.632894 0.121745 0.114095
0 0.878092 0.706950 0.180664 0.196452
0 0.718750 0.778564 0.196615 0.178874
0 0.747233 0.937174 0.197591 0.125651
2 0.874023 0.870443 0.162109 0.134115
