0 0.469401 0.599202 0.111328 0.111165
0 0.401204 0.517497 0.122070 0.100749
0 0.531738 0.467367 0.116211 0.102051
0 0.416992 0.455811 0.102214 0.046387
0 0.411621 0.385335 0.118164 0.090983
0 0.436686 0.331787 0.042643 0.060710
0 0.499512 0.316976 0.112956 0.133301
0 0.569336 0.344564 0.054036 0.090169
0 0.861979 0.644613 0.100260 0.127767
0 0.932780 0.587321 0.088867 0.093913
0 0.802409 0.562174 0.116536 0.103516
0 0.767415 0.459066 0.116862 0.050944
0 0.808919 0.398356 0.085938 0.107259
0 0.888184 0.373454 0.093424 0.121257
0 0.956868 0.414469 0.086263 0.062663
0 0.944987 0.384684 0.032552 0.039551
0 0.951172 0.489176 0.097656 0.117676
