0 0.441081 0.615723 0.113281 0.094727
0 0.452474 0.583252 0.086589 0.075358
0 0.441243 0.473551 0.095378 0.087077
0 0.506185 0.412191 0.104818 0.113444
0 0.437337 0.423421 0.047201 0.030436
0 0.599447 0.470622 0.112956 0.092285
0 0.564616 0.570231 0.120117 0.103353
0 0.559245 0.661214 0.110026 0.104980
0 0.720866 0.589111 0.110352 0.087077
0 0.835938 0.568929 0.089844 0.087077
0 0.752604 0.517660 0.101562 0.102376
0 0.704753 0.465251 0.106771 0.089355
0 0.743652 0.426514 0.065430 0.082194
0 0.814453 0.425456 0.105469 0.108724
0 0.564453 0.203532 0.070312 0.071126
0 0.290527 0.133057 0.074544 0.067546
0 0.817708 0.268962 0.063151 0.067220
0 0.635905 0.165283 0.051758 0.068197
