0 0.030111 0.329834 0.060221 0.108236
0 0.045573 0.240153 0.080078 0.113118
0 0.100749 0.240885 0.103841 0.089193
0 0.113607 0.321452 0.110677 0.088216
0 0.199870 0.268473 0.097656 0.112467
0 0.089518 0.410970 0.104167 0.098633
0 0.184570 0.391927 0.125000 0.100911
0 0.300456 0.323730 0.103516 0.111003
0 0.459798 0.344808 0.114909 0.140788
0 0.602458 0.388916 0.100423 0.088379
0 0.519531 0.345866 0.026042 0.066081
0 0.553548 0.427979 0.137695 0.131999
0 0.474609 0.545329 0.100260 0.114746
0 0.421387 0.618652 0.103190 0.140299
0 0.546875 0.595459 0.128906 0.132324
0 0.854167 0.726969 0.146484 0.172038
0 0.956380 0.720378 0.087240 0.121094
0 0.924642 0.469320 0.118164 0.123535
0 0.312500 0.473877 0.094401 0.055176
0 0.693197 0.965332 0.130534 0.069336
