0 0.370117 0.598714 0.199870 0.160970
0 0.375977 0.713460 0.132161 0.091634
0 0.519206 0.704427 0.157552 0.184896
0 0.533203 0.789307 0.144531 0.113118
0 0.632650 0.634359 0.116211 0.098145
0 0.588867 0.556559 0.184245 0.169108
0 0.605143 0.436930 0.160807 0.120605
0 0.456868 0.461344 0.146159 0.175293
0 0.341309 0.430339 0.138346 0.159505
0 0.374186 0.328369 0.144857 0.122884
0 0.483398 0.362874 0.106771 0.095540
0 0.591797 0.318115 0.151042 0.147949
0 0.485840 0.298747 0.090169 0.062988
0 0.849935 0.477295 0.132161 0.116699
0 0.924154 0.531169 0.141927 0.133952
0 0.959961 0.413656 0.080078 0.134603
0 0.847982 0.656006 0.141276 0.128418
0 0.951497 0.713623 0.097005 0.147949
