0 0.062500 0.229899 0.119141 0.151204
0 0.087565 0.337646 0.130859 0.112142
0 0.140951 0.298258 0.044271 0.069824
0 0.032878 0.564209 0.065755 0.168132
0 0.147949 0.500081 0.097982 0.116048
0 0.384766 0.493734 0.164062 0.130697
0 0.414876 0.378906 0.080404 0.069661
0 0.455404 0.287516 0.124349 0.169434
0 0.568359 0.469645 0.138021 0.133301
0 0.865885 0.614827 0.132812 0.128092
0 0.854818 0.511475 0.117839 0.096517
0 0.831706 0.428955 0.129557 0.090983
0 0.843750 0.374593 0.122396 0.128743
0 0.951009 0.400228 0.093424 0.116862
0 0.975911 0.483480 0.048177 0.120605
0 0.528646 0.386800 0.057292 0.056803
