1 0.041504 0.517415 0.083008 0.096029
0 0.140137 0.602132 0.116862 0.090332
0 0.159831 0.503011 0.115234 0.090658
0 0.195801 0.560465 0.109049 0.097493
0 0.308268 0.415365 0.096354 0.105469
0 0.261068 0.390055 0.074870 0.103678
0 0.305339 0.560140 0.111328 0.092285
0 0.264323 0.629801 0.095703 0.102051
0 0.449219 0.590495 0.115234 0.110026
0 0.275228 0.669515 0.082357 0.062988
0 0.427897 0.443604 0.117513 0.085775
0 0.562988 0.419840 0.118164 0.135254
0 0.522949 0.390381 0.092122 0.132324
0 0.381673 0.466146 0.090820 0.075846
0 0.366536 0.591390 0.074219 0.078613
0 0.158854 0.434489 0.070964 0.064290
0 0.569010 0.629395 0.134115 0.115560
0 0.617025 0.508789 0.135091 0.100911
0 0.673991 0.777100 0.133789 0.147949
0 0.907064 0.696696 0.097982 0.139486
0 0.033691 0.399089 0.067383 0.088542
