0 0.199707 0.275960 0.113607 0.109212
0 0.075033 0.229085 0.125326 0.120931
0 0.042806 0.315837 0.085612 0.111491
0 0.096354 0.443115 0.114583 0.138835
0 0.203451 0.416585 0.117839 0.103353
0 0.396647 0.323812 0.143555 0.154134
0 0.534342 0.312907 0.131185 0.131673
0 0.627930 0.353760 0.134115 0.120280
0 0.414714 0.485758 0.136068 0.145345
0 0.554362 0.434652 0.124349 0.121257
0 0.524740 0.543050 0.122396 0.162272
0 0.618815 0.502441 0.112630 0.070638
0 0.845052 0.326579 0.129557 0.160319
0 0.953613 0.317139 0.092773 0.069824
0 0.932617 0.426595 0.134766 0.163086
0 0.794434 0.444743 0.165039 0.155762
0 0.949870 0.591227 0.100260 0.168783
0 0.800781 0.603271 0.164714 0.162923
0 0.901204 0.674723 0.139648 0.191243
0 0.252279 0.309814 0.079427 0.074707
