0 0.140137 0.097412 0.107747 0.119303
0 0.275879 0.038493 0.114258 0.076986
0 0.256185 0.115153 0.090495 0.089681
0 0.327637 0.167074 0.114258 0.121908
0 0.238932 0.254639 0.110677 0.113444
0 0.264486 0.350423 0.104492 0.124023
0 0.356445 0.274821 0.074219 0.101725
0 0.361979 0.574788 0.137370 0.123535
0 0.429850 0.486165 0.092773 0.110352
0 0.526204 0.431396 0.130534 0.132975
0 0.458171 0.628825 0.113607 0.146973
0 0.527507 0.579427 0.126628 0.136068
0 0.593913 0.515869 0.116211 0.113118
0 0.621419 0.473389 0.088542 0.081543
0 0.595215 0.855713 0.097982 0.105957
0 0.711914 0.896729 0.142578 0.156087
0 0.818034 0.819906 0.163411 0.149577
0 0.932617 0.906006 0.113932 0.147298
0 0.948405 0.960124 0.103190 0.079753
