0 0.207357 0.356201 0.112630 0.114746
0 0.211100 0.461914 0.103841 0.108073
0 0.104167 0.407633 0.118490 0.111491
0 0.307454 0.298747 0.101888 0.110514
0 0.278971 0.221598 0.117188 0.104004
0 0.340658 0.334391 0.051107 0.051595
0 0.441569 0.369222 0.125326 0.129069
0 0.558105 0.301514 0.122070 0.098470
0 0.567220 0.383545 0.135091 0.133626
0 0.487793 0.483968 0.105143 0.130046
0 0.612305 0.475667 0.141276 0.119303
0 0.530273 0.565186 0.115885 0.112793
0 0.582520 0.595622 0.090820 0.114421
0 0.475423 0.619710 0.098633 0.124837
0 0.413737 0.561686 0.111328 0.102539
0 0.749023 0.749430 0.128255 0.095866
0 0.893717 0.739502 0.160482 0.133301
0 0.924642 0.791911 0.133138 0.099447
0 0.933594 0.601807 0.132812 0.135905
0 0.888509 0.557861 0.076497 0.061035
0 0.992350 0.582926 0.015299 0.048665
0 0.978353 0.657145 0.043294 0.057780
