0 0.527669 0.518148 0.132812 0.131348
0 0.410807 0.547445 0.122396 0.137207
0 0.502604 0.642660 0.131510 0.128418
0 0.374674 0.676839 0.128255 0.136230
0 0.334961 0.577881 0.082031 0.108887
0 0.058919 0.574951 0.117839 0.114746
0 0.167318 0.557536 0.127604 0.126139
0 0.041992 0.695231 0.083984 0.126139
0 0.066895 0.392090 0.103841 0.116862
0 0.346029 0.401693 0.102214 0.111979
0 0.424479 0.420003 0.136719 0.130371
0 0.477376 0.337809 0.118815 0.115072
0 0.541829 0.408366 0.107747 0.097331
0 0.610840 0.478027 0.105794 0.103841
0 0.556803 0.686768 0.090169 0.108561
0 0.477539 0.709880 0.082682 0.064941
0 0.962077 0.557048 0.075846 0.125814
0 0.947917 0.475667 0.103516 0.091309
0 0.198405 0.460368 0.109701 0.053548
0 0.148763 0.417236 0.089193 0.092936
0 0.042969 0.307373 0.085938 0.086100
0 0.013753 0.340088 0.027181 0.105957
