0 0.082520 0.584880 0.107747 0.120280
0 0.052409 0.477458 0.104818 0.117025
0 0.155273 0.426107 0.136068 0.133464
0 0.209310 0.544515 0.142578 0.128092
0 0.275553 0.421305 0.125977 0.114095
0 0.165202 0.324463 0.113607 0.113118
0 0.125488 0.310628 0.083008 0.109538
0 0.256022 0.340739 0.076497 0.066895
0 0.443359 0.476644 0.098307 0.106283
0 0.532227 0.469401 0.102865 0.118490
0 0.562337 0.542236 0.103841 0.097493
0 0.519368 0.666667 0.119466 0.115885
0 0.179199 0.628988 0.129232 0.113444
0 0.979004 0.938477 0.041992 0.123047
