0 0.173991 0.644613 0.141602 0.127116
0 0.347168 0.744222 0.129232 0.106934
0 0.283610 0.603760 0.058757 0.062337
0 0.328939 0.651123 0.093424 0.092611
0 0.390625 0.471273 0.174479 0.152832
0 0.586589 0.578288 0.171224 0.153971
0 0.546061 0.441162 0.157878 0.150553
0 0.546061 0.441162 0.157878 0.150553
0 0.546061 0.441162 0.157878 0.150553
0 0.458008 0.316732 0.120443 0.164062
0 0.458008 0.316732 0.120443 0.164062
0 0.564941 0.329508 0.124023 0.082845
0 0.865560 0.050700 0.150391 0.101400
0 0.965332 0.063721 0.069336 0.127441
