0 0.407715 0.605387 0.122070 0.104655
0 0.541341 0.652344 0.118490 0.125651
0 0.504557 0.574951 0.094401 0.086751
0 0.480632 0.467855 0.135742 0.130371
0 0.492513 0.383464 0.102214 0.078125
0 0.386230 0.437744 0.101237 0.114421
0 0.444906 0.379964 0.058431 0.064616
0 0.380697 0.492594 0.080404 0.049642
0 0.894857 0.450765 0.102865 0.102702
0 0.830566 0.459391 0.057617 0.072428
0 0.924479 0.378337 0.103516 0.107585
0 0.900065 0.560628 0.088542 0.083496
0 0.900065 0.621989 0.069661 0.055827
0 0.965983 0.615479 0.068034 0.115723
0 0.965983 0.506755 0.068034 0.100098
0 0.983887 0.414632 0.032227 0.090983
0 0.557617 0.463135 0.027995 0.064290
