0 0.425130 0.501058 0.098958 0.101725
0 0.392090 0.374268 0.071289 0.019368
0 0.371908 0.428304 0.126628 0.076660
0 0.345133 0.363363 0.026204 0.006673
0 0.307780 0.413574 0.039388 0.059570
0 0.393717 0.304769 0.073893 0.128418
0 0.474772 0.322754 0.122070 0.159831
0 0.529948 0.502197 0.124349 0.115072
0 0.517415 0.604004 0.113607 0.129883
0 0.750163 0.460938 0.118815 0.149089
0 0.683594 0.437907 0.066406 0.128418
0 0.742350 0.328776 0.136393 0.126953
0 0.634928 0.278727 0.140951 0.097819
0 0.601562 0.214925 0.121094 0.091960
0 0.704753 0.167074 0.100911 0.150553
0 0.843587 0.173421 0.143555 0.112467
0 0.788900 0.220133 0.066732 0.064616
0 0.931803 0.283122 0.120117 0.130697
0 0.958333 0.190104 0.083333 0.118490
0 0.948568 0.088135 0.102865 0.093587
