0 0.441732 0.725667 0.166667 0.179199
0 0.600260 0.711344 0.154297 0.165527
0 0.630534 0.598389 0.196615 0.189616
0 0.439290 0.562012 0.189128 0.177409
0 0.330404 0.587158 0.125651 0.152181
0 0.553223 0.428792 0.174154 0.179199
0 0.415039 0.427246 0.126302 0.120768
0 0.320638 0.374512 0.102214 0.117839
0 0.368001 0.300781 0.180664 0.182292
0 0.487467 0.261149 0.082357 0.188314
0 0.570150 0.250000 0.163086 0.200521
0 0.337891 0.472982 0.066406 0.041667
0 0.973958 0.544352 0.052083 0.141439
0 0.974935 0.281982 0.050130 0.120605
