0 0.093262 0.125895 0.079102 0.097493
0 0.084473 0.376709 0.140951 0.148600
0 0.131510 0.225667 0.173177 0.129720
0 0.185872 0.290934 0.064453 0.051270
0 0.034017 0.128499 0.068034 0.176921
0 0.351888 0.545654 0.160156 0.144694
0 0.435059 0.569743 0.066081 0.067871
0 0.585938 0.563070 0.137370 0.089681
0 0.585286 0.471110 0.158203 0.133626
0 0.615234 0.407959 0.160807 0.107585
0 0.534993 0.335856 0.126628 0.136556
0 0.969076 0.679362 0.061849 0.105794
0 0.975911 0.575521 0.048177 0.100911
0 0.943522 0.511800 0.112956 0.117350
