0 0.903483 0.538167 0.081706 0.088704
0 0.957520 0.470378 0.084961 0.086589
0 0.899251 0.462972 0.066081 0.059408
0 0.909668 0.396566 0.094076 0.088704
0 0.885742 0.368896 0.068359 0.058105
0 0.818685 0.367269 0.067708 0.035970
0 0.821289 0.413167 0.081380 0.082845
0 0.767415 0.416423 0.064779 0.076986
0 0.828939 0.493408 0.090820 0.079264
0 0.797363 0.534261 0.068685 0.061361
0 0.831055 0.570964 0.078125 0.078776
0 0.491048 0.408610 0.081706 0.091960
0 0.523112 0.482666 0.083984 0.085124
0 0.573079 0.559245 0.081706 0.074219
0 0.494303 0.566406 0.088216 0.081380
0 0.513997 0.625244 0.076823 0.077311
0 0.432129 0.591064 0.074544 0.070150
0 0.433757 0.517008 0.092773 0.082845
0 0.399902 0.476969 0.064128 0.060059
0 0.251465 0.508545 0.053060 0.079590
0 0.210775 0.618408 0.088867 0.089030
0 0.158366 0.686768 0.079753 0.107259
0 0.252604 0.611084 0.025391 0.053548
0 0.130208 0.605062 0.073568 0.068848
0 0.187826 0.540609 0.090495 0.096191
0 0.198405 0.491292 0.073893 0.048340
0 0.080404 0.623047 0.087240 0.087240
0 0.108398 0.536051 0.082682 0.088379
0 0.118815 0.489827 0.083984 0.046712
0 0.155599 0.485433 0.033854 0.030111
