0 0.111979 0.484131 0.105469 0.099121
0 0.139811 0.430583 0.068685 0.054525
0 0.111491 0.580729 0.112305 0.095703
0 0.111816 0.635335 0.070638 0.038249
0 0.189290 0.628499 0.088867 0.105306
0 0.180339 0.543050 0.081380 0.069173
0 0.170085 0.672607 0.078451 0.055501
0 0.257975 0.646891 0.087565 0.101074
0 0.279948 0.541585 0.122396 0.098145
0 0.208822 0.465739 0.101237 0.109212
0 0.237956 0.424723 0.083984 0.076660
0 0.413086 0.545980 0.074219 0.050293
0 0.498861 0.586995 0.100586 0.108887
0 0.443197 0.508057 0.097331 0.086426
0 0.584473 0.535075 0.084310 0.081868
0 0.531576 0.501383 0.085286 0.095215
0 0.529460 0.409505 0.077799 0.094401
0 0.573893 0.401286 0.053385 0.077962
0 0.489909 0.370524 0.067057 0.073079
0 0.450684 0.364014 0.029622 0.039876
0 0.402018 0.442301 0.058594 0.067546
0 0.443034 0.422689 0.098958 0.083659
0 0.806641 0.474202 0.057943 0.071452
0 0.852051 0.490967 0.068685 0.067871
0 0.929199 0.461019 0.097331 0.089355
0 0.850749 0.410563 0.089518 0.089355
0 0.779134 0.366618 0.084961 0.074382
0 0.839844 0.330648 0.091146 0.075358
0 0.918783 0.349202 0.073242 0.064941
0 0.857259 0.284261 0.079102 0.073730
