0 0.054036 0.657959 0.108073 0.127116
0 0.145020 0.749023 0.111654 0.088542
0 0.156087 0.673991 0.136393 0.130534
0 0.107910 0.547201 0.133789 0.133464
0 0.172038 0.494548 0.099284 0.092611
0 0.102865 0.453044 0.087891 0.070150
0 0.206055 0.515218 0.052083 0.063639
0 0.408529 0.511475 0.126953 0.113444
0 0.440592 0.648031 0.097982 0.085124
0 0.475911 0.678385 0.097656 0.063802
0 0.514811 0.585205 0.118815 0.126139
0 0.513021 0.454915 0.115234 0.139648
0 0.613932 0.490316 0.124349 0.121257
0 0.682943 0.650798 0.123047 0.110840
0 0.762695 0.552979 0.106771 0.097493
0 0.667643 0.516683 0.072917 0.065267
0 0.836100 0.499430 0.097331 0.084798
0 0.743164 0.460856 0.108724 0.120280
0 0.746419 0.723470 0.112630 0.118815
0 0.685384 0.466878 0.017904 0.050293
0 0.811198 0.648844 0.131510 0.106934
0 0.944987 0.531494 0.110026 0.133301
0 0.856934 0.612386 0.038086 0.033366
