0 0.379883 0.392334 0.124349 0.124512
0 0.071940 0.614502 0.126302 0.105957
0 0.400391 0.590902 0.119792 0.112142
0 0.436849 0.511149 0.130208 0.135579
0 0.517904 0.623617 0.110026 0.158691
0 0.479492 0.376058 0.119141 0.154460
0 0.530762 0.335693 0.103190 0.144043
0 0.606120 0.448812 0.154948 0.114421
0 0.788737 0.435791 0.097656 0.108561
0 0.783529 0.566488 0.108073 0.106934
0 0.757324 0.650798 0.111003 0.108887
0 0.883789 0.480713 0.116536 0.102702
0 0.861165 0.619873 0.090820 0.108887
0 0.948079 0.600993 0.103841 0.121908
0 0.692383 0.588623 0.075521 0.080241
