0 0.121419 0.608805 0.170573 0.142741
0 0.095703 0.547526 0.149089 0.099609
0 0.185384 0.707275 0.117513 0.118327
0 0.099935 0.717611 0.082682 0.077799
0 0.188639 0.479004 0.116862 0.125977
0 0.454427 0.480550 0.110677 0.123861
0 0.420573 0.578044 0.089193 0.105957
0 0.485677 0.658773 0.099609 0.084473
0 0.518229 0.592529 0.103516 0.125163
0 0.602539 0.585531 0.080729 0.089681
0 0.575521 0.511312 0.107422 0.087728
0 0.370931 0.430420 0.116862 0.118001
0 0.423014 0.340576 0.105143 0.123861
0 0.520345 0.394694 0.118815 0.118164
0 0.484701 0.329427 0.044922 0.047526
0 0.582031 0.396240 0.069661 0.109538
0 0.658040 0.381104 0.098633 0.086426
0 0.676595 0.474691 0.072591 0.034668
0 0.757324 0.485758 0.099284 0.093262
0 0.764160 0.542399 0.096029 0.076335
0 0.868652 0.472412 0.117513 0.093913
0 0.810872 0.397135 0.102214 0.107422
0 0.748047 0.338135 0.106120 0.113770
0 0.677246 0.330973 0.045247 0.045410
