0 0.621908 0.050049 0.073893 0.100098
0 0.515625 0.093669 0.098307 0.113770
0 0.676270 0.118164 0.068685 0.078125
0 0.605469 0.139079 0.099609 0.089355
0 0.501465 0.194417 0.097331 0.099121
0 0.620768 0.215576 0.077474 0.088053
0 0.412435 0.396240 0.125000 0.112793
0 0.452474 0.464762 0.085938 0.087728
0 0.423014 0.536865 0.125326 0.118001
0 0.556966 0.464600 0.123047 0.099772
0 0.635905 0.498291 0.076497 0.087728
0 0.563639 0.543783 0.082357 0.069987
0 0.368327 0.802165 0.131185 0.131022
0 0.276693 0.805501 0.093750 0.112956
0 0.326009 0.909424 0.110352 0.105957
0 0.552734 0.801188 0.139974 0.121908
0 0.463867 0.874430 0.117839 0.123861
0 0.451660 0.949870 0.116862 0.100260
