0 0.764648 0.207357 0.165365 0.122396
0 0.823730 0.286865 0.153971 0.157064
0 0.928711 0.387777 0.141927 0.154460
0 0.959961 0.305339 0.080078 0.149089
0 0.932129 0.158040 0.135742 0.165039
0 0.604492 0.455648 0.172526 0.201660
0 0.627767 0.649821 0.180664 0.183757
0 0.448730 0.375488 0.163737 0.183919
0 0.402344 0.312093 0.081380 0.089681
0 0.330078 0.445150 0.157552 0.157878
0 0.459798 0.545817 0.182617 0.181478
0 0.637207 0.759521 0.156576 0.115397
0 0.469564 0.707275 0.170898 0.167806
0 0.331217 0.606689 0.174805 0.167155
0 0.043945 0.910726 0.087891 0.178223
0 0.502279 0.772461 0.126302 0.099935
0 0.828288 0.094808 0.120117 0.140788
