0 0.097819 0.404704 0.137695 0.106934
0 0.198242 0.327393 0.082031 0.109863
0 0.210286 0.433512 0.107422 0.105306
0 0.152181 0.508870 0.107096 0.121908
0 0.360352 0.499268 0.141276 0.096842
0 0.401042 0.394938 0.121745 0.134277
0 0.315104 0.386963 0.054036 0.068197
0 0.271810 0.364746 0.096354 0.100586
0 0.402018 0.597249 0.130208 0.131999
0 0.521159 0.541748 0.143229 0.138184
0 0.526855 0.411214 0.126628 0.121257
0 0.597168 0.449788 0.127279 0.111816
0 0.539551 0.350342 0.077799 0.029460
0 0.512370 0.617757 0.104818 0.066243
0 0.588053 0.586263 0.049805 0.073568
