0 0.542806 0.177653 0.102539 0.105957
0 0.598470 0.213460 0.116211 0.094238
0 0.467611 0.230794 0.103190 0.091146
0 0.372559 0.229411 0.102539 0.091634
0 0.411784 0.372152 0.106771 0.112793
0 0.414388 0.311605 0.087240 0.075033
0 0.548991 0.308919 0.099935 0.111328
0 0.593750 0.393555 0.094401 0.089844
0 0.507324 0.410400 0.096029 0.112467
0 0.580566 0.477295 0.069987 0.082194
0 0.541667 0.493978 0.108073 0.090820
0 0.410645 0.476481 0.105794 0.100098
0 0.364258 0.517008 0.098307 0.086751
0 0.461263 0.542236 0.094401 0.111165
0 0.476888 0.615234 0.095052 0.106771
0 0.395671 0.589762 0.069336 0.081868
