0 0.450684 0.937744 0.118815 0.124186
0 0.396973 0.822184 0.115560 0.139160
0 0.141439 0.596273 0.094076 0.085124
0 0.324707 0.466553 0.142904 0.107585
0 0.386393 0.591390 0.109375 0.131348
0 0.440430 0.532308 0.091797 0.093913
0 0.527181 0.584798 0.109701 0.129883
0 0.593587 0.525472 0.124023 0.088053
0 0.559896 0.463298 0.129557 0.101074
0 0.584147 0.399658 0.116862 0.087728
0 0.557292 0.275309 0.093750 0.089030
0 0.575684 0.219645 0.116211 0.090332
0 0.514648 0.157552 0.110677 0.107422
0 0.401530 0.147542 0.120768 0.110840
0 0.398600 0.239665 0.105143 0.091960
0 0.451660 0.287679 0.023763 0.083171
0 0.503092 0.295654 0.032878 0.101725
