0 0.946940 0.411947 0.106120 0.121419
0 0.946615 0.560465 0.101562 0.105957
0 0.871094 0.531006 0.104818 0.054850
0 0.504232 0.386312 0.092448 0.092936
0 0.438477 0.441650 0.117839 0.102702
0 0.438151 0.441813 0.117188 0.102376
0 0.496419 0.502848 0.104818 0.107910
0 0.496419 0.502848 0.104818 0.107910
0 0.464844 0.586914 0.115885 0.106771
0 0.057292 0.599284 0.114583 0.099609
0 0.047852 0.547607 0.095703 0.100423
0 0.041829 0.428711 0.083659 0.117188
0 0.098307 0.341878 0.106771 0.114095
0 0.071370 0.412842 0.049967 0.057454
