0 0.297201 0.238281 0.085938 0.106771
0 0.209961 0.177327 0.108724 0.090332
0 0.349447 0.160075 0.090169 0.072103
0 0.397624 0.216960 0.117513 0.122721
0 0.456868 0.269938 0.112956 0.088053
0 0.440918 0.364339 0.091471 0.109538
0 0.334147 0.350179 0.105794 0.123535
0 0.443197 0.535156 0.107096 0.119141
0 0.442383 0.617676 0.102865 0.095378
0 0.534668 0.449463 0.119466 0.111165
0 0.743815 0.758545 0.138672 0.129720
0 0.803548 0.841227 0.126628 0.122559
0 0.834391 0.767985 0.052572 0.077637
0 0.743001 0.915853 0.138997 0.160482
0 0.649577 0.815511 0.096029 0.108236
0 0.564779 0.889567 0.137370 0.134603
0 0.652832 0.934408 0.112305 0.131185
