0 0.081706 0.489176 0.142578 0.119629
0 0.081706 0.489176 0.142578 0.119629
0 0.146159 0.420003 0.141927 0.143392
0 0.146159 0.420003 0.141927 0.143392
0 0.390625 0.595296 0.148438 0.114421
0 0.390625 0.595296 0.148438 0.114421
0 0.457845 0.498454 0.131185 0.113444
0 0.457845 0.498454 0.131185 0.113444
0 0.530273 0.408936 0.110677 0.134277
0 0.639323 0.461995 0.134766 0.114746
0 0.639323 0.461995 0.134766 0.114746
0 0.957682 0.693766 0.084635 0.104329
0 0.957682 0.693766 0.084635 0.104329
0 0.897949 0.561442 0.123372 0.130046
0 0.954427 0.533122 0.091146 0.107259
0 0.954427 0.533122 0.091146 0.107259
0 0.526530 0.668864 0.118164 0.141113
