0 0.035889 0.495850 0.071777 0.100423
0 0.077474 0.518473 0.069661 0.072103
0 0.429199 0.590576 0.118815 0.101074
0 0.498861 0.530029 0.100586 0.117350
0 0.545410 0.453695 0.099284 0.096191
0 0.455892 0.437907 0.090820 0.106283
0 0.425618 0.511800 0.063477 0.056803
0 0.928467 0.464762 0.073079 0.097493
0 0.971029 0.460856 0.056641 0.090332
0 0.521973 0.652262 0.096029 0.105306
0 0.443848 0.667236 0.088867 0.072754
2 0.119629 0.444336 0.106445 0.111979
2 0.106934 0.679932 0.096680 0.109863
2 0.045736 0.603597 0.091471 0.072428
