0 0.023275 0.435791 0.046549 0.100749
0 0.036784 0.534098 0.073568 0.098796
0 0.385742 0.545817 0.115234 0.096842
0 0.391276 0.445719 0.104167 0.090658
0 0.439941 0.366292 0.095378 0.113444
0 0.540853 0.398682 0.116211 0.094889
0 0.524251 0.487386 0.121419 0.106283
0 0.481608 0.587646 0.101888 0.113444
0 0.443359 0.494710 0.065104 0.062988
0 0.503337 0.366130 0.033366 0.027181
0 0.803711 0.441325 0.077474 0.071452
0 0.870524 0.373454 0.094564 0.073079
0 0.884766 0.409587 0.100260 0.084798
0 0.894531 0.479736 0.110677 0.097493
0 0.842122 0.551839 0.116536 0.091309
0 0.890625 0.621745 0.108073 0.102865
0 0.956055 0.555908 0.087891 0.105306
0 0.962728 0.450602 0.074544 0.104980
