0 0.566081 0.321533 0.089844 0.131348
0 0.476074 0.351807 0.108398 0.095540
0 0.506999 0.443441 0.114258 0.091309
0 0.536947 0.586507 0.093424 0.118327
0 0.452962 0.534342 0.120768 0.106445
0 0.620605 0.368083 0.088216 0.095540
0 0.420736 0.477458 0.066081 0.021973
0 0.419596 0.419027 0.083984 0.031413
0 0.778971 0.482829 0.103516 0.067220
0 0.827311 0.439860 0.058268 0.108887
0 0.876790 0.447998 0.093424 0.102376
0 0.866699 0.532633 0.099284 0.084798
0 0.796387 0.571045 0.092122 0.057454
0 0.745443 0.563070 0.037760 0.055827
0 0.508301 0.640381 0.065430 0.063314
0 0.436198 0.590576 0.069661 0.065918
0 0.421387 0.641683 0.081055 0.086751
0 0.391276 0.697754 0.099609 0.073242
0 0.389323 0.752523 0.098307 0.069499
0 0.697266 0.767008 0.078125 0.069173
0 0.757161 0.726318 0.068359 0.077637
0 0.795898 0.707113 0.054036 0.073079
0 0.887207 0.619873 0.094076 0.092611
0 0.881673 0.676676 0.073242 0.062988
0 0.181315 0.409261 0.135417 0.115397
