0 0.040690 0.217855 0.081380 0.096517
0 0.080566 0.199788 0.082357 0.093587
0 0.132487 0.364502 0.128255 0.114421
0 0.195150 0.278402 0.102539 0.114746
0 0.310384 0.275472 0.099935 0.114746
0 0.272298 0.388102 0.103841 0.112142
0 0.248047 0.464762 0.082031 0.087077
0 0.318197 0.486898 0.079102 0.070801
0 0.379557 0.455485 0.119141 0.127116
0 0.381185 0.385986 0.112630 0.081217
0 0.528320 0.340576 0.088542 0.116699
0 0.621419 0.409098 0.133464 0.129395
0 0.626953 0.572510 0.120443 0.100749
0 0.565592 0.658285 0.122721 0.123210
0 0.459635 0.582764 0.106120 0.127767
