0 0.242188 0.131917 0.122396 0.133626
0 0.356120 0.097575 0.115234 0.122233
0 0.468750 0.089681 0.119792 0.111654
0 0.423340 0.192546 0.116211 0.126628
0 0.294434 0.220133 0.098633 0.127767
0 0.200358 0.181641 0.088867 0.093099
0 0.178223 0.062256 0.080404 0.109538
0 0.266764 0.038981 0.125977 0.077962
0 0.388509 0.375163 0.111003 0.125326
0 0.463867 0.379476 0.076823 0.114421
0 0.528158 0.461833 0.132487 0.104004
0 0.505859 0.557210 0.106771 0.122233
0 0.386882 0.543701 0.140951 0.147949
0 0.545410 0.795654 0.131185 0.159017
0 0.615723 0.778727 0.080404 0.124512
0 0.693522 0.888835 0.107747 0.123372
0 0.627767 0.911702 0.139648 0.146973
0 0.517578 0.951497 0.119792 0.097005
0 0.399414 0.959635 0.106120 0.080729
0 0.439453 0.882894 0.046875 0.075033
0 0.423503 0.988525 0.087240 0.022624
0 0.084147 0.430094 0.088867 0.070475
0 0.634115 0.105225 0.086589 0.079590
0 0.645996 0.680420 0.060221 0.065918
