0 0.072266 0.154053 0.129557 0.162272
0 0.186686 0.127523 0.119466 0.134603
0 0.194336 0.230876 0.126953 0.112142
0 0.260091 0.177490 0.056641 0.080892
0 0.251302 0.264567 0.113932 0.095540
0 0.095378 0.291423 0.110677 0.120605
0 0.184896 0.354899 0.126953 0.136230
0 0.101725 0.407715 0.097331 0.125977
0 0.042969 0.355143 0.085938 0.135417
0 0.295898 0.520101 0.090495 0.125488
0 0.396322 0.458415 0.126628 0.118001
0 0.395671 0.542236 0.107747 0.097493
0 0.538411 0.393636 0.109375 0.135579
0 0.650879 0.427816 0.123372 0.115397
0 0.529948 0.599040 0.110677 0.110840
0 0.456868 0.624512 0.108398 0.120768
0 0.756348 0.580892 0.110352 0.111654
0 0.766113 0.506592 0.087565 0.080241
0 0.859701 0.538330 0.125651 0.112467
0 0.864746 0.644287 0.133138 0.110840
0 0.801921 0.736003 0.118164 0.130859
0 0.685059 0.749593 0.118815 0.114421
0 0.627116 0.695557 0.113607 0.105306
0 0.855957 0.823812 0.111654 0.133301
0 0.949056 0.775472 0.101888 0.129720
0 0.900879 0.864014 0.091471 0.125814
0 0.947428 0.671468 0.086263 0.085124
0 0.961751 0.614339 0.076497 0.098470
0 0.625814 0.524007 0.117513 0.100749
