0 0.148600 0.672933 0.138997 0.091309
0 0.146973 0.588298 0.130534 0.084147
0 0.224935 0.730387 0.138021 0.126139
0 0.271484 0.815674 0.105469 0.152832
0 0.308268 0.735270 0.031250 0.061686
0 0.379069 0.527181 0.119466 0.104492
0 0.386230 0.408285 0.114258 0.122559
0 0.450358 0.366130 0.101888 0.145671
0 0.443034 0.478841 0.108724 0.084635
0 0.467773 0.570557 0.118490 0.113770
0 0.448079 0.649577 0.099935 0.093424
0 0.545247 0.642497 0.094401 0.146322
0 0.611816 0.483968 0.137044 0.108561
0 0.560384 0.401204 0.104492 0.121419
0 0.782389 0.419840 0.102539 0.115723
0 0.718913 0.282227 0.109049 0.098307
0 0.796712 0.327555 0.085612 0.076986
0 0.859863 0.380615 0.088867 0.073079
0 0.850260 0.228190 0.104167 0.136068
0 0.049967 0.888265 0.099935 0.124186
0 0.210124 0.561442 0.097982 0.111816
