0 0.059082 0.821940 0.118164 0.128906
0 0.074382 0.690511 0.120768 0.152507
0 0.191895 0.653971 0.130534 0.147786
0 0.218750 0.838298 0.167318 0.119954
0 0.583984 0.689535 0.154297 0.176595
0 0.296387 0.514242 0.126628 0.171712
0 0.703939 0.772380 0.164388 0.155436
0 0.752441 0.655843 0.211914 0.147624
0 0.941569 0.364014 0.116862 0.184408
0 0.858236 0.287354 0.140951 0.155436
0 0.671224 0.495687 0.105469 0.141113
0 0.547526 0.522705 0.147786 0.161947
0 0.504232 0.405192 0.074219 0.085775
0 0.392578 0.600342 0.098958 0.090658
0 0.463379 0.734945 0.092122 0.107910
0 0.774414 0.577718 0.065104 0.029134
0 0.953125 0.244873 0.089844 0.065918
1 0.614095 0.429932 0.165690 0.202311
1 0.409831 0.484538 0.184245 0.180013
