0 0.085449 0.439616 0.159831 0.141602
0 0.020182 0.340088 0.040365 0.123535
0 0.087565 0.361491 0.097005 0.047201
0 0.034831 0.535563 0.069661 0.145996
0 0.051107 0.682210 0.102214 0.158691
0 0.124837 0.648600 0.134440 0.131185
0 0.103678 0.754150 0.098633 0.081868
0 0.026693 0.795573 0.053385 0.080404
0 0.384603 0.601644 0.151367 0.134928
0 0.386556 0.470947 0.138346 0.127441
0 0.357747 0.393311 0.082682 0.078288
0 0.441406 0.361328 0.132161 0.143880
0 0.523600 0.285238 0.114258 0.149902
0 0.632975 0.350749 0.147461 0.134440
0 0.566895 0.421143 0.124674 0.107910
0 0.504069 0.502360 0.142253 0.128418
0 0.506022 0.610189 0.101237 0.094727
0 0.625977 0.569255 0.152344 0.145671
0 0.580566 0.667562 0.124023 0.128743
0 0.685059 0.540609 0.115560 0.112467
0 0.923177 0.360758 0.109375 0.110840
0 0.958008 0.472249 0.083984 0.117676
0 0.934733 0.555339 0.128581 0.112630
0 0.981771 0.360433 0.036458 0.116048
0 0.973307 0.616618 0.053385 0.102376
0 0.920573 0.406494 0.074219 0.037598
0 0.873861 0.501872 0.084961 0.048665
