0 0.911133 0.381104 0.135417 0.112467
0 0.859049 0.464274 0.156250 0.134277
0 0.881185 0.598226 0.156901 0.143717
0 0.792643 0.362386 0.132812 0.125163
0 0.747884 0.280518 0.128581 0.139811
0 0.622640 0.308512 0.119629 0.091634
0 0.651693 0.353678 0.136719 0.117513
0 0.620605 0.412028 0.140951 0.137858
0 0.500977 0.312907 0.121094 0.119303
0 0.360189 0.286214 0.125977 0.139486
0 0.504069 0.430257 0.138997 0.149577
0 0.385905 0.380290 0.130534 0.101074
0 0.455160 0.300700 0.071777 0.091634
0 0.384115 0.483643 0.138672 0.145671
0 0.508952 0.572835 0.137044 0.139160
0 0.711263 0.477946 0.135417 0.131022
0 0.648926 0.552165 0.115560 0.114095
0 0.780111 0.663411 0.113607 0.152995
0 0.677246 0.640381 0.101237 0.085449
0 0.393717 0.639730 0.136393 0.145996
0 0.308757 0.550700 0.152669 0.129395
0 0.289388 0.313232 0.080078 0.117350
