0 0.550293 0.104899 0.108398 0.112793
0 0.595052 0.151449 0.078776 0.088704
0 0.690755 0.155192 0.113281 0.098796
0 0.745117 0.220947 0.074870 0.083822
0 0.686686 0.241455 0.077148 0.071452
0 0.555339 0.233968 0.112630 0.113118
0 0.436035 0.448324 0.100586 0.105632
0 0.517741 0.425212 0.115560 0.116699
0 0.680176 0.449137 0.127930 0.109212
0 0.606934 0.485921 0.107747 0.095540
0 0.588216 0.569255 0.115885 0.110514
0 0.465658 0.541260 0.103190 0.097493
0 0.441243 0.924723 0.124023 0.120280
0 0.326172 0.941813 0.122396 0.116048
0 0.302246 0.830160 0.105143 0.125814
