0 0.716309 0.897461 0.126628 0.126953
0 0.836100 0.839925 0.122070 0.118001
0 0.942708 0.892660 0.114583 0.096517
0 0.886230 0.801676 0.097982 0.118327
0 0.687826 0.704997 0.076823 0.091634
0 0.523763 0.544515 0.111979 0.104655
0 0.511556 0.466715 0.074544 0.067546
0 0.430664 0.511963 0.108724 0.101400
0 0.393555 0.268962 0.100911 0.107585
0 0.461751 0.257243 0.085612 0.110189
0 0.255534 0.324463 0.091797 0.095540
0 0.486979 0.642415 0.098958 0.114909
0 0.837077 0.964518 0.093424 0.070964
0 0.585449 0.480794 0.075846 0.087240
0 0.552897 0.438070 0.075846 0.048665
0 0.603353 0.524170 0.056315 0.072428
