0 0.050130 0.601074 0.100260 0.113607
0 0.111328 0.508870 0.112630 0.110189
0 0.182617 0.446045 0.096354 0.084147
0 0.222168 0.507731 0.110352 0.090983
0 0.165853 0.577718 0.086263 0.085775
0 0.133138 0.651774 0.095703 0.085449
0 0.431966 0.532633 0.097656 0.111491
0 0.530111 0.497640 0.125326 0.133301
0 0.612142 0.559326 0.110352 0.073079
0 0.558757 0.606201 0.128581 0.094564
0 0.592611 0.678385 0.115560 0.084635
0 0.456055 0.664062 0.125000 0.126953
0 0.838053 0.617432 0.140951 0.157389
0 0.936198 0.730713 0.127604 0.134603
