0 0.061035 0.635986 0.121419 0.091634
0 0.211589 0.406657 0.097656 0.103027
0 0.244466 0.471924 0.110677 0.114421
0 0.272949 0.575928 0.122721 0.103027
0 0.314128 0.434001 0.093099 0.096517
0 0.359701 0.545817 0.095703 0.060384
0 0.459147 0.408447 0.125977 0.100098
0 0.477376 0.505452 0.125977 0.111165
0 0.497070 0.336995 0.023438 0.074382
0 0.554525 0.333415 0.103190 0.142090
0 0.642090 0.377523 0.100586 0.085124
0 0.604980 0.443115 0.120768 0.123210
0 0.630534 0.543213 0.136719 0.110514
0 0.544108 0.599528 0.109701 0.131348
0 0.985840 0.305745 0.028320 0.104980
