0 0.302897 0.516520 0.096680 0.090332
0 0.338216 0.442790 0.079427 0.086751
0 0.420736 0.469401 0.093424 0.080078
0 0.393229 0.531820 0.094401 0.077962
0 0.341960 0.597412 0.089518 0.098470
0 0.494629 0.603109 0.058268 0.059733
0 0.545736 0.634196 0.075195 0.087402
0 0.517741 0.552490 0.090820 0.090007
0 0.544434 0.483154 0.069987 0.078939
0 0.599284 0.511312 0.089193 0.087077
0 0.622233 0.592611 0.090169 0.081706
0 0.631185 0.488037 0.066406 0.074382
0 0.750488 0.621826 0.084310 0.083496
0 0.801432 0.692952 0.081380 0.083171
0 0.730632 0.652913 0.069987 0.059408
0 0.748047 0.558187 0.066406 0.063639
0 0.836751 0.619548 0.080404 0.078288
0 0.838053 0.552002 0.083008 0.071452
0 0.788900 0.552572 0.043294 0.060872
