0 0.159505 0.843180 0.115885 0.091309
0 0.272624 0.864502 0.111654 0.126139
0 0.319010 0.951335 0.113932 0.097331
0 0.384440 0.900879 0.095703 0.112956
0 0.675618 0.465007 0.113607 0.113607
0 0.349609 0.848226 0.047526 0.050618
0 0.598958 0.565918 0.114583 0.130534
0 0.573405 0.470622 0.108398 0.120931
0 0.486654 0.538330 0.123047 0.116374
0 0.421387 0.506429 0.071940 0.090983
0 0.451497 0.440837 0.102865 0.091309
0 0.431152 0.347168 0.118815 0.110352
0 0.397135 0.413167 0.037109 0.054199
0 0.755208 0.352620 0.091146 0.069824
0 0.835449 0.291748 0.105143 0.105632
0 0.731771 0.289469 0.111979 0.113444
0 0.784017 0.185547 0.127930 0.115885
0 0.625163 0.240723 0.112956 0.113607
0 0.594401 0.166585 0.085286 0.087728
0 0.675293 0.152181 0.092773 0.092773
