0 0.548503 0.598063 0.123698 0.162272
0 0.385905 0.546061 0.144857 0.140299
0 0.377441 0.408285 0.160482 0.123861
0 0.500163 0.353597 0.150716 0.147949
0 0.451172 0.300944 0.114583 0.131185
0 0.394368 0.295492 0.062174 0.120280
0 0.562826 0.226562 0.123047 0.095052
0 0.573730 0.474528 0.142253 0.141113
0 0.704427 0.542399 0.121745 0.099121
0 0.727702 0.455648 0.164388 0.137207
0 0.650716 0.326579 0.156901 0.145996
0 0.701009 0.376872 0.068685 0.046712
0 0.813314 0.352946 0.141602 0.114746
0 0.830241 0.233236 0.152018 0.119466
0 0.724609 0.203451 0.134766 0.115885
