0 0.971354 0.362386 0.057292 0.067220
0 0.820475 0.509440 0.081706 0.072591
0 0.741048 0.549561 0.095378 0.101074
0 0.783529 0.471517 0.081380 0.083659
0 0.698242 0.477783 0.089844 0.076660
0 0.778483 0.389730 0.072591 0.086100
0 0.818359 0.384847 0.027344 0.062663
0 0.733887 0.357503 0.059570 0.064616
0 0.691895 0.350342 0.037435 0.031413
0 0.698405 0.402425 0.089518 0.076335
0 0.650391 0.421468 0.061198 0.064290
0 0.656250 0.515544 0.074870 0.049967
0 0.529948 0.599691 0.073568 0.086100
0 0.447917 0.611491 0.067708 0.068685
0 0.486816 0.575439 0.075195 0.089681
0 0.408366 0.579834 0.072591 0.045736
0 0.416992 0.532471 0.093750 0.081868
0 0.481120 0.498942 0.064453 0.060384
0 0.561035 0.502360 0.102539 0.087402
0 0.499512 0.432292 0.086914 0.093099
0 0.507161 0.392008 0.074870 0.045736
0 0.429362 0.408447 0.065104 0.049316
0 0.411133 0.449300 0.093099 0.086100
0 0.153483 0.610596 0.094076 0.077311
0 0.098470 0.677979 0.086914 0.086426
0 0.056152 0.623779 0.101237 0.084798
0 0.088867 0.535889 0.086589 0.088053
0 0.084798 0.453369 0.093424 0.087728
0 0.031901 0.485921 0.063802 0.091634
0 0.029134 0.573649 0.058268 0.086751
