0 0.469889 0.496989 0.146159 0.147624
0 0.519857 0.646077 0.131510 0.180827
0 0.608073 0.529378 0.146484 0.127767
0 0.539714 0.391195 0.143229 0.146322
0 0.403320 0.352051 0.140625 0.147461
0 0.492350 0.302816 0.117513 0.111491
0 0.632324 0.464111 0.045898 0.022624
0 0.630046 0.397705 0.056966 0.057454
0 0.612305 0.832194 0.102214 0.122721
0 0.708496 0.879639 0.120117 0.120605
0 0.605306 0.952393 0.110352 0.094889
0 0.702311 0.971517 0.085612 0.056966
0 0.258138 0.958577 0.086589 0.082520
0 0.718262 0.812256 0.081055 0.038574
