0 0.040202 0.684814 0.080404 0.112467
0 0.089030 0.662842 0.063477 0.080241
0 0.035319 0.826742 0.070638 0.114421
0 0.020833 0.910563 0.041667 0.062012
0 0.145345 0.561768 0.122070 0.145020
0 0.184408 0.682048 0.124023 0.127116
0 0.296875 0.678792 0.106120 0.099121
0 0.301107 0.611898 0.043620 0.031738
0 0.267253 0.556722 0.105469 0.090658
0 0.437663 0.438070 0.138346 0.153483
0 0.542318 0.524170 0.164062 0.134277
0 0.530273 0.355387 0.080729 0.073405
0 0.878988 0.052979 0.164876 0.105957
0 0.937337 0.138753 0.125326 0.135579
0 0.955404 0.226318 0.089193 0.048991
0 0.446289 0.341634 0.095052 0.077148
