0 0.946615 0.383382 0.104167 0.096191
0 0.962240 0.439697 0.075521 0.090332
0 0.843750 0.446370 0.103516 0.097819
0 0.891764 0.473714 0.099935 0.091960
0 0.950033 0.547852 0.098633 0.100911
0 0.921549 0.620524 0.116536 0.114095
0 0.828288 0.610758 0.077799 0.091960
0 0.458333 0.655680 0.112630 0.103678
0 0.500488 0.578369 0.120117 0.118327
0 0.522786 0.461344 0.111979 0.117350
0 0.467285 0.374105 0.091471 0.076986
0 0.439453 0.414144 0.108724 0.094564
0 0.357747 0.444661 0.057943 0.070964
0 0.413737 0.491943 0.122396 0.109538
0 0.382161 0.574137 0.125651 0.097493
0 0.055827 0.399821 0.111654 0.115397
0 0.031738 0.495524 0.063477 0.122559
