0 0.411133 0.516195 0.082031 0.082520
0 0.446126 0.434326 0.079102 0.090658
0 0.442220 0.421468 0.085612 0.113770
0 0.513509 0.393962 0.071940 0.050293
0 0.522949 0.440023 0.083659 0.093587
0 0.549642 0.517497 0.088867 0.087077
0 0.471517 0.500407 0.064779 0.067871
0 0.492350 0.580973 0.075195 0.102051
0 0.715332 0.391276 0.075195 0.067708
0 0.760417 0.427490 0.089844 0.082194
0 0.750326 0.499186 0.083984 0.069987
0 0.828776 0.479329 0.091797 0.079753
0 0.901367 0.477051 0.074219 0.073242
0 0.858398 0.397054 0.094401 0.085124
0 0.770671 0.344971 0.081706 0.092936
0 0.806152 0.324707 0.078451 0.092773
0 0.828613 0.544189 0.075195 0.068197
