2 0.354655 0.576904 0.135091 0.145996
0 0.291585 0.566650 0.086426 0.122884
0 0.367025 0.432373 0.125977 0.143392
0 0.387858 0.311605 0.112956 0.141439
0 0.473145 0.326904 0.128581 0.125814
0 0.501790 0.431234 0.138997 0.118327
0 0.470378 0.545654 0.136068 0.134928
0 0.462728 0.630941 0.105143 0.088704
0 0.406006 0.639404 0.050293 0.045085
0 0.660156 0.545654 0.173828 0.138835
0 0.750814 0.443929 0.141602 0.144368
0 0.581706 0.351644 0.105469 0.136882
0 0.755534 0.643148 0.133464 0.072754
0 0.573730 0.457194 0.050456 0.075195
