0 0.350586 0.322998 0.164062 0.146647
0 0.456217 0.245524 0.113607 0.167480
0 0.456217 0.245524 0.113607 0.167480
0 0.528320 0.356038 0.138672 0.115072
0 0.350749 0.509684 0.137044 0.102051
0 0.350749 0.509684 0.137044 0.102051
0 0.422363 0.590739 0.133789 0.176921
0 0.422363 0.590739 0.133789 0.176921
0 0.874023 0.297282 0.134115 0.170736
0 0.810710 0.517253 0.163086 0.136068
0 0.810384 0.516683 0.162435 0.138184
0 0.730794 0.539469 0.104167 0.117350
0 0.730794 0.539469 0.104167 0.117350
0 0.786947 0.397135 0.104492 0.080729
0 0.971354 0.496501 0.057292 0.129069
