0 0.361165 0.431234 0.152018 0.136556
0 0.333171 0.543538 0.066081 0.104004
0 0.418945 0.542480 0.138021 0.141602
0 0.413411 0.642334 0.128906 0.108887
0 0.478027 0.665609 0.082357 0.069499
0 0.540527 0.606038 0.136393 0.135254
0 0.459635 0.384277 0.109375 0.120768
0 0.450195 0.269775 0.142578 0.145020
0 0.590658 0.286051 0.138997 0.159342
0 0.716064 0.528890 0.122233 0.033040
0 0.718424 0.457113 0.139323 0.054850
0 0.833984 0.396240 0.121745 0.135579
0 0.889160 0.341715 0.125326 0.089681
0 0.945475 0.416585 0.109049 0.122233
0 0.949219 0.513428 0.101562 0.150553
0 0.845052 0.630127 0.134766 0.161296
0 0.801351 0.572021 0.089030 0.084798
0 0.980469 0.609212 0.039062 0.043620
