0 0.129395 0.562174 0.101888 0.093750
0 0.124349 0.465251 0.095052 0.096517
0 0.173503 0.472087 0.034505 0.071126
0 0.469401 0.642822 0.100911 0.110514
0 0.417480 0.577555 0.100586 0.085449
0 0.408040 0.471924 0.076497 0.083171
0 0.447103 0.451904 0.096680 0.090658
0 0.477214 0.411621 0.085286 0.089518
0 0.741211 0.608317 0.108073 0.107910
0 0.851562 0.543376 0.106120 0.091960
0 0.816895 0.452067 0.090169 0.100749
0 0.693115 0.461263 0.103678 0.074219
0 0.731445 0.511963 0.093750 0.089681
2 0.508464 0.557292 0.090495 0.082682
