0 0.267578 0.454102 0.132161 0.158203
0 0.301758 0.577637 0.144531 0.129883
0 0.301758 0.577637 0.144531 0.129883
0 0.323893 0.425700 0.088542 0.132650
0 0.517090 0.521891 0.150716 0.151204
0 0.517090 0.521891 0.150716 0.151204
0 0.587565 0.437419 0.141276 0.140462
0 0.587565 0.437419 0.141276 0.140462
0 0.689128 0.332764 0.134115 0.164225
0 0.689128 0.332764 0.134115 0.164225
0 0.547526 0.327067 0.063802 0.104655
0 0.547526 0.327067 0.063802 0.104655
0 0.757487 0.496663 0.177734 0.171061
0 0.757487 0.501058 0.179036 0.180501
0 0.302572 0.668538 0.129883 0.109212
0 0.610352 0.293945 0.119792 0.166667
0 0.755371 0.354574 0.073893 0.113444
