0 0.049967 0.735433 0.099935 0.155111
0 0.045898 0.836019 0.091797 0.119954
0 0.132487 0.823161 0.114583 0.150228
0 0.066406 0.551025 0.132812 0.132650
0 0.062256 0.489827 0.124186 0.071452
0 0.484538 0.622721 0.128581 0.103841
0 0.519043 0.551351 0.138346 0.119629
0 0.639486 0.601562 0.122721 0.134115
0 0.472982 0.352458 0.124349 0.146973
0 0.937826 0.356038 0.124349 0.130046
0 0.903646 0.456299 0.138021 0.127441
2 0.814453 0.351400 0.128255 0.087565
2 0.622559 0.422038 0.146159 0.135091
2 0.415527 0.461019 0.141602 0.123861
0 0.966797 0.253988 0.066406 0.122559
