0 0.416504 0.686768 0.077148 0.092285
0 0.331543 0.603271 0.089518 0.072428
0 0.436198 0.604980 0.087240 0.081055
0 0.536133 0.689372 0.089844 0.096842
0 0.599284 0.615397 0.085938 0.073242
0 0.557780 0.575439 0.068034 0.062988
0 0.455078 0.479248 0.091797 0.096517
0 0.523763 0.462809 0.065104 0.094238
0 0.444010 0.394450 0.093099 0.090332
0 0.383952 0.370280 0.069987 0.072591
0 0.547363 0.381104 0.093424 0.087077
0 0.576172 0.345947 0.063151 0.054525
0 0.411458 0.089274 0.090495 0.100423
0 0.518880 0.060954 0.089844 0.091960
0 0.584961 0.047770 0.061849 0.067546
0 0.424154 0.025798 0.078125 0.051595
0 0.358398 0.018636 0.060547 0.037272
0 0.361328 0.065918 0.059245 0.064779
