0 0.982747 0.447021 0.034505 0.108887
0 0.952962 0.623128 0.094076 0.104329
0 0.979818 0.706299 0.040365 0.079915
0 0.914551 0.470622 0.116211 0.114421
0 0.825358 0.435465 0.115560 0.131348
0 0.835124 0.556803 0.114909 0.118164
0 0.722168 0.486410 0.120117 0.107585
0 0.430176 0.444092 0.081055 0.099772
0 0.741536 0.652588 0.094401 0.048665
0 0.740072 0.615967 0.090820 0.079590
0 0.507812 0.461833 0.085938 0.076660
0 0.470540 0.513916 0.116862 0.124837
0 0.518880 0.631755 0.120443 0.120931
0 0.477539 0.697103 0.098958 0.095378
0 0.397786 0.616130 0.128906 0.117676
0 0.191243 0.410156 0.112956 0.123698
0 0.161947 0.460205 0.105794 0.098796
0 0.076497 0.443929 0.090495 0.051270
0 0.061361 0.500244 0.116862 0.100098
0 0.116699 0.577230 0.118164 0.106934
0 0.141927 0.659587 0.119141 0.116048
0 0.077148 0.653564 0.044271 0.083822
0 0.690755 0.584229 0.050781 0.018717
0 0.667480 0.515544 0.042643 0.024577
