0 0.136068 0.458008 0.162760 0.145182
0 0.056478 0.406494 0.112956 0.126790
0 0.033122 0.520101 0.065918 0.149577
0 0.054036 0.733643 0.108073 0.141764
0 0.502116 0.503255 0.136393 0.132161
0 0.545898 0.632894 0.135417 0.127767
0 0.752279 0.656169 0.127604 0.115072
0 0.801107 0.571208 0.121745 0.111165
0 0.736165 0.487874 0.126628 0.104004
0 0.789225 0.446696 0.103841 0.110189
0 0.424316 0.537842 0.076497 0.027507
0 0.438802 0.612061 0.117188 0.041829
0 0.966309 0.510824 0.067383 0.095866
0 0.462158 0.462484 0.073405 0.074707
