0 0.108073 0.457113 0.085938 0.108236
0 0.144857 0.560872 0.130208 0.112630
0 0.184082 0.444743 0.125977 0.127767
0 0.272624 0.421468 0.090820 0.115723
0 0.379232 0.536702 0.129557 0.115072
0 0.493490 0.442627 0.106120 0.131999
0 0.367350 0.612061 0.125326 0.084798
0 0.416504 0.490804 0.083008 0.039551
0 0.425618 0.655273 0.101237 0.117839
0 0.042969 0.702637 0.085938 0.107747
0 0.699707 0.449544 0.086263 0.073568
0 0.604980 0.568766 0.113607 0.058757
0 0.884277 0.407796 0.082357 0.107910
0 0.946126 0.377360 0.107747 0.123861
0 0.942057 0.491862 0.115885 0.121745
0 0.939616 0.593506 0.107096 0.103027
0 0.924479 0.733643 0.067708 0.085775
0 0.959473 0.840413 0.081055 0.090983
0 0.895345 0.785400 0.098633 0.090983
0 0.872233 0.866618 0.111003 0.082845
0 0.906087 0.936442 0.087565 0.087728
0 0.976400 0.931559 0.047201 0.104004
0 0.967448 0.972331 0.064453 0.055339
0 0.675781 0.766683 0.073568 0.097819
0 0.605957 0.822347 0.097331 0.090658
0 0.622884 0.909261 0.090169 0.097819
0 0.508952 0.800537 0.077799 0.080241
0 0.430501 0.782471 0.088867 0.079915
0 0.262207 0.799072 0.064779 0.087728
0 0.193197 0.864502 0.095378 0.071452
0 0.978841 0.744548 0.042318 0.088053
0 0.066406 0.894124 0.077474 0.076660
0 0.035482 0.935059 0.070964 0.068685
0 0.070312 0.845378 0.046224 0.039062
0 0.040202 0.974284 0.080404 0.051432
0 0.073079 0.979736 0.076497 0.040202
0 0.108561 0.829834 0.067383 0.079590
0 0.144043 0.852946 0.034180 0.048991
