0 0.398438 0.416016 0.141276 0.107422
0 0.244303 0.450684 0.168294 0.122721
0 0.296712 0.361084 0.181315 0.146647
0 0.559408 0.455973 0.164388 0.129395
0 0.613770 0.560710 0.144206 0.148112
0 0.514160 0.304443 0.142904 0.193522
0 0.381999 0.246908 0.116862 0.159180
0 0.273600 0.250488 0.107747 0.096029
0 0.708333 0.072103 0.154297 0.143555
0 0.847819 0.098389 0.150716 0.148600
0 0.835124 0.215658 0.132487 0.113607
0 0.715007 0.198812 0.110352 0.109863
0 0.951823 0.143311 0.096354 0.127116
0 0.950195 0.041911 0.099609 0.083822
0 0.628906 0.083903 0.071615 0.121582
