0 0.086426 0.427816 0.123372 0.092611
0 0.080729 0.325765 0.141276 0.122233
0 0.130371 0.203857 0.126628 0.117350
0 0.247396 0.195557 0.107422 0.150228
0 0.386068 0.283122 0.125000 0.160645
0 0.279948 0.328044 0.127604 0.102702
0 0.205241 0.417399 0.095378 0.108236
0 0.320964 0.288818 0.018880 0.037923
0 0.360352 0.362630 0.045573 0.043620
0 0.283040 0.435954 0.148763 0.134277
0 0.264160 0.527588 0.133138 0.091634
0 0.376546 0.544922 0.079264 0.126302
0 0.448242 0.533610 0.175130 0.153158
0 0.481771 0.612223 0.122396 0.069499
0 0.614909 0.635824 0.123698 0.089355
0 0.729167 0.767253 0.110026 0.128906
0 0.833984 0.748779 0.200521 0.175944
0 0.876953 0.587809 0.152344 0.157389
0 0.937988 0.515951 0.124023 0.195312
0 0.776530 0.551432 0.120768 0.111328
0 0.618978 0.396077 0.099935 0.133301
2 0.508138 0.395182 0.183594 0.210938
