0 0.914714 0.398356 0.170573 0.139160
0 0.935221 0.485189 0.129557 0.082357
0 0.935221 0.485189 0.129557 0.082357
0 0.621582 0.538005 0.141602 0.128743
0 0.534831 0.620687 0.113281 0.127441
0 0.534831 0.620687 0.113281 0.127441
0 0.532878 0.493571 0.115885 0.127116
0 0.532878 0.493571 0.115885 0.127116
0 0.589681 0.377604 0.132487 0.123047
0 0.589681 0.377604 0.132487 0.123047
0 0.536296 0.332926 0.106445 0.128743
0 0.536296 0.332926 0.106445 0.128743
0 0.432943 0.406331 0.128255 0.123210
0 0.432943 0.406331 0.128255 0.123210
0 0.244466 0.440999 0.094401 0.117025
0 0.243164 0.591227 0.114583 0.103027
0 0.243164 0.591227 0.114583 0.103027
0 0.319824 0.612223 0.081055 0.092285
0 0.319824 0.612223 0.081055 0.092285
0 0.832194 0.344320 0.091471 0.051270
0 0.135905 0.532959 0.120768 0.106283
0 0.056641 0.655029 0.095703 0.088704
0 0.307129 0.466960 0.092773 0.072591
0 0.322917 0.485107 0.087891 0.026855
0 0.342773 0.547119 0.110677 0.045410
