0 0.410482 0.818522 0.145833 0.196289
0 0.608398 0.511882 0.054036 0.132487
0 0.521810 0.504883 0.091146 0.149089
0 0.440267 0.430908 0.155924 0.136556
0 0.551595 0.377035 0.030924 0.106283
0 0.624023 0.383219 0.086589 0.158366
0 0.248372 0.623291 0.134115 0.095540
0 0.176921 0.111410 0.091471 0.123861
0 0.307129 0.439209 0.098633 0.096517
0 0.294922 0.548340 0.080078 0.079753
0 0.511230 0.775635 0.064779 0.089681
0 0.647949 0.451823 0.070638 0.096680
0 0.294922 0.357992 0.106771 0.077962
0 0.313151 0.284668 0.111328 0.097331
0 0.374837 0.242432 0.085612 0.096191
0 0.449056 0.238688 0.069336 0.084798
0 0.136882 0.362305 0.094076 0.077474
