0 0.125651 0.907308 0.168620 0.147949
0 0.154297 0.768962 0.118490 0.124512
0 0.279460 0.771891 0.148763 0.162923
0 0.557454 0.703044 0.107747 0.133301
0 0.461100 0.692952 0.087565 0.119629
0 0.416016 0.608317 0.088542 0.096191
0 0.396647 0.490804 0.086914 0.096842
0 0.460449 0.458415 0.121419 0.137533
0 0.561035 0.541585 0.132487 0.128092
0 0.643392 0.528890 0.099935 0.119629
0 0.468587 0.381266 0.079102 0.056803
0 0.559082 0.377279 0.105794 0.119141
0 0.511230 0.316325 0.092122 0.102702
0 0.359049 0.978760 0.128255 0.042155
