0 0.743001 0.953451 0.148112 0.093099
0 0.621745 0.961344 0.124349 0.076986
0 0.550130 0.905518 0.108724 0.111816
0 0.493978 0.943034 0.129883 0.113932
0 0.680501 0.879639 0.140299 0.116699
0 0.809245 0.900146 0.123047 0.112793
0 0.746908 0.816976 0.104492 0.075358
0 0.569987 0.553060 0.100260 0.098307
0 0.569010 0.623779 0.052734 0.057454
0 0.457520 0.559977 0.091471 0.095215
0 0.428223 0.626302 0.088216 0.108073
0 0.453776 0.441162 0.093750 0.108887
0 0.481120 0.614990 0.032552 0.047689
0 0.532389 0.480550 0.098633 0.089355
0 0.609701 0.490479 0.067708 0.068848
0 0.520833 0.394287 0.096354 0.103027
0 0.473145 0.290771 0.078451 0.077637
0 0.491211 0.318115 0.068359 0.058757
0 0.411133 0.245850 0.082031 0.071126
0 0.474284 0.206136 0.080729 0.086100
0 0.413086 0.164632 0.079427 0.091634
0 0.232422 0.728760 0.083984 0.086426
0 0.157715 0.705160 0.074544 0.075684
0 0.206217 0.642008 0.070638 0.076335
0 0.264323 0.670817 0.078776 0.060384
0 0.096680 0.033773 0.062500 0.061686
0 0.358887 0.281169 0.074544 0.065592
0 0.441895 0.319580 0.019206 0.048014
0 0.403320 0.334880 0.043620 0.085775
