0 0.284017 0.701416 0.117513 0.113770
0 0.220215 0.801025 0.111003 0.114421
0 0.223389 0.696045 0.065918 0.097819
0 0.422201 0.731364 0.106771 0.128743
0 0.479004 0.809977 0.125326 0.095215
0 0.473633 0.903564 0.072266 0.096191
0 0.405762 0.886800 0.117513 0.138835
0 0.341797 0.946045 0.071615 0.052897
0 0.295085 0.888428 0.104492 0.115397
0 0.358073 0.712972 0.033203 0.051595
2 0.327962 0.787923 0.122721 0.124674
0 0.449707 0.506104 0.040039 0.064290
0 0.519043 0.515055 0.120117 0.118652
0 0.611328 0.570719 0.112630 0.089355
0 0.632975 0.504476 0.111003 0.120280
0 0.675130 0.412272 0.124349 0.111003
0 0.557943 0.418701 0.111979 0.106934
0 0.457845 0.427165 0.110352 0.097168
0 0.500163 0.347575 0.094076 0.086426
0 0.598796 0.330160 0.103841 0.121908
0 0.786133 0.190186 0.110677 0.118001
0 0.722819 0.100016 0.097982 0.112793
0 0.824544 0.072184 0.111328 0.107910
0 0.660807 0.158936 0.080729 0.101725
