0 0.414876 0.552165 0.118164 0.098470
0 0.054525 0.681885 0.109049 0.130046
0 0.027181 0.590251 0.054362 0.112793
0 0.052409 0.484456 0.104818 0.127116
0 0.050456 0.402913 0.100911 0.070150
0 0.142415 0.474365 0.107096 0.103027
0 0.516276 0.617920 0.118490 0.136882
0 0.120280 0.584880 0.137695 0.110514
0 0.485026 0.483724 0.091146 0.089844
0 0.593587 0.528076 0.128581 0.116699
0 0.435547 0.447673 0.043620 0.065267
0 0.467936 0.399333 0.069336 0.091634
0 0.508789 0.357829 0.037760 0.019043
0 0.541667 0.406738 0.111328 0.115560
0 0.583659 0.422933 0.096354 0.108236
0 0.588053 0.615153 0.041992 0.072103
0 0.738607 0.403239 0.113932 0.100098
0 0.819661 0.377360 0.069661 0.084147
0 0.890788 0.365397 0.103190 0.111003
0 0.953451 0.396729 0.093099 0.081868
0 0.941895 0.485433 0.116211 0.126465
0 0.924479 0.581380 0.097005 0.085938
