0 0.370931 0.553304 0.119466 0.103353
0 0.442220 0.514811 0.106445 0.103190
0 0.413574 0.464111 0.083659 0.063639
0 0.455241 0.414144 0.068034 0.070475
0 0.500488 0.442546 0.090820 0.112305
0 0.433268 0.640869 0.096354 0.109212
0 0.569987 0.550781 0.101562 0.091797
0 0.580241 0.458903 0.103190 0.099447
0 0.664062 0.835693 0.111979 0.118001
0 0.556152 0.416585 0.032227 0.021322
0 0.732585 0.773682 0.105143 0.109863
0 0.760905 0.706299 0.107096 0.098796
0 0.848633 0.776449 0.134766 0.119303
0 0.870931 0.718343 0.112956 0.092936
0 0.186035 0.340251 0.107096 0.093262
