0 0.270182 0.843831 0.085938 0.096517
0 0.297689 0.806234 0.111003 0.140462
0 0.195475 0.753255 0.141602 0.113932
0 0.192708 0.663818 0.115234 0.080892
0 0.635417 0.599528 0.089193 0.055176
0 0.621582 0.542074 0.109049 0.088053
0 0.509115 0.563395 0.117839 0.130046
0 0.464844 0.456950 0.104167 0.115723
0 0.538574 0.361898 0.108398 0.130697
0 0.410645 0.410889 0.119466 0.103678
0 0.482422 0.330648 0.083333 0.116374
0 0.931478 0.195882 0.118164 0.133952
0 0.861491 0.056966 0.129883 0.113932
0 0.754232 0.086182 0.143229 0.117025
