0 0.091146 0.114176 0.107422 0.115072
0 0.145182 0.117106 0.048828 0.057129
0 0.042318 0.182780 0.084635 0.116862
0 0.152669 0.194906 0.126953 0.102702
0 0.089355 0.267415 0.114258 0.104492
0 0.035156 0.314860 0.070312 0.097819
0 0.475423 0.317464 0.088867 0.076986
0 0.555013 0.373210 0.080078 0.089518
0 0.488607 0.370687 0.100911 0.113118
0 0.507324 0.467529 0.104492 0.094564
0 0.564453 0.455485 0.072917 0.084798
0 0.528158 0.529704 0.089518 0.084798
0 0.418132 0.438232 0.092122 0.074382
0 0.367676 0.460531 0.081055 0.071452
0 0.412109 0.549561 0.085286 0.104329
0 0.340658 0.492676 0.032878 0.034180
0 0.363444 0.538981 0.074544 0.091634
0 0.741374 0.571045 0.082357 0.093913
0 0.473796 0.589437 0.082357 0.069499
0 0.819661 0.578532 0.097005 0.093262
0 0.741374 0.571126 0.082357 0.094076
0 0.850260 0.533691 0.066406 0.049805
0 0.913737 0.573405 0.104818 0.085612
0 0.914388 0.654867 0.113932 0.088379
0 0.812826 0.656657 0.094401 0.101725
0 0.702474 0.661540 0.080078 0.070475
0 0.741536 0.721517 0.069010 0.068685
0 0.824544 0.717936 0.091797 0.062174
0 0.879720 0.752686 0.103841 0.106934
0 0.928711 0.838135 0.097005 0.090332
0 0.843424 0.872314 0.078776 0.094889
0 0.804199 0.811930 0.103190 0.112142
0 0.716309 0.765381 0.094727 0.086100
2 0.472493 0.575033 0.041992 0.053060
