0 0.079102 0.557699 0.111979 0.088704
0 0.079102 0.557699 0.111979 0.088704
0 0.086263 0.456624 0.112630 0.111165
0 0.165527 0.440674 0.065430 0.087077
0 0.165527 0.440674 0.065430 0.087077
0 0.202474 0.468018 0.086589 0.085124
0 0.462240 0.555583 0.118490 0.110514
0 0.598633 0.526611 0.100260 0.105306
0 0.598633 0.526611 0.100260 0.105306
0 0.538167 0.533040 0.050944 0.077799
0 0.907878 0.691813 0.119141 0.115397
0 0.907878 0.691813 0.119141 0.115397
0 0.445801 0.636800 0.094076 0.035970
0 0.934570 0.604899 0.105469 0.115397
0 0.875651 0.599528 0.032552 0.072103
