0 0.484863 0.127767 0.121419 0.144206
0 0.632161 0.137044 0.104818 0.106771
0 0.423503 0.214600 0.115234 0.088704
0 0.457031 0.319010 0.104167 0.122396
0 0.527669 0.265218 0.126953 0.132650
0 0.645833 0.284098 0.121745 0.119629
0 0.667969 0.412842 0.153646 0.093913
0 0.619466 0.497884 0.121745 0.103841
0 0.495931 0.507650 0.057617 0.113607
0 0.417480 0.515544 0.129232 0.124837
0 0.389404 0.630615 0.127767 0.108236
0 0.438965 0.657633 0.127279 0.129720
0 0.550781 0.594401 0.110026 0.106120
0 0.657878 0.658936 0.144531 0.143392
0 0.551432 0.702555 0.095052 0.127767
0 0.466960 0.724121 0.092773 0.102539
0 0.640462 0.193278 0.093424 0.055176
0 0.666341 0.478109 0.039714 0.040202
