0 0.630208 0.547933 0.117188 0.086100
0 0.527507 0.632568 0.103190 0.108887
0 0.527507 0.632568 0.103190 0.108887
0 0.519531 0.442546 0.096354 0.096680
0 0.519531 0.442546 0.096354 0.096680
0 0.598470 0.436849 0.079753 0.083984
0 0.551921 0.368734 0.099935 0.109212
0 0.551921 0.368734 0.099935 0.109212
0 0.431152 0.413005 0.105143 0.096842
0 0.325521 0.471191 0.099609 0.099935
0 0.332357 0.601156 0.110026 0.089681
0 0.245117 0.444255 0.078776 0.088379
0 0.195312 0.467611 0.098307 0.090820
0 0.195312 0.467611 0.098307 0.090820
0 0.028158 0.537679 0.056315 0.083822
0 0.030436 0.659424 0.060872 0.089681
