0 0.669271 0.189535 0.082031 0.067220
0 0.560059 0.643311 0.123372 0.138184
0 0.513672 0.464600 0.121094 0.125814
0 0.513672 0.464600 0.121094 0.125814
0 0.513672 0.464600 0.121094 0.125814
0 0.216960 0.315023 0.144206 0.154134
0 0.108561 0.313883 0.125326 0.142090
0 0.108561 0.313883 0.125326 0.142090
0 0.084310 0.492920 0.148438 0.114095
0 0.084310 0.492920 0.148438 0.114095
0 0.168294 0.645589 0.086589 0.099121
0 0.416178 0.755778 0.094727 0.092285
0 0.351237 0.861247 0.105469 0.088379
0 0.351237 0.861247 0.105469 0.088379
