2 0.436361 0.626872 0.146810 0.174967
0 0.030924 0.335368 0.061849 0.139486
0 0.132324 0.340902 0.137695 0.127116
0 0.090820 0.222249 0.139323 0.117676
0 0.198893 0.123372 0.156250 0.139974
0 0.042318 0.101725 0.084635 0.138997
0 0.221842 0.221436 0.125326 0.111491
0 0.341960 0.545166 0.147461 0.168457
0 0.506022 0.501953 0.176758 0.139323
0 0.475749 0.351807 0.145508 0.172363
0 0.579590 0.343994 0.091471 0.122233
0 0.612793 0.457275 0.166341 0.143066
0 0.545573 0.632487 0.108724 0.143229
0 0.954753 0.841960 0.090495 0.144206
0 0.900391 0.952799 0.158203 0.094401
