0 0.073568 0.554932 0.117839 0.111816
0 0.169434 0.498779 0.116862 0.122559
0 0.158040 0.435628 0.103190 0.088053
0 0.114909 0.675049 0.118490 0.135254
0 0.235352 0.667074 0.128255 0.118652
0 0.286296 0.551025 0.138997 0.142415
0 0.274251 0.480387 0.094076 0.040853
0 0.370605 0.408610 0.131185 0.132324
0 0.414551 0.491048 0.139648 0.146159
0 0.530273 0.450033 0.123047 0.093424
0 0.497396 0.569417 0.119792 0.058757
0 0.828776 0.380127 0.181641 0.161947
0 0.817871 0.575928 0.192383 0.162923
0 0.835124 0.676676 0.165039 0.111165
