0 0.615560 0.438883 0.073568 0.060710
0 0.607747 0.476318 0.077474 0.079590
0 0.705404 0.535726 0.039062 0.041504
0 0.623861 0.554118 0.114258 0.106283
0 0.540365 0.619385 0.094401 0.101400
0 0.501790 0.680420 0.100586 0.095866
0 0.496582 0.479574 0.106445 0.089355
0 0.283040 0.540120 0.100586 0.095866
0 0.261393 0.637126 0.104167 0.086751
0 0.241699 0.723714 0.090169 0.102376
0 0.175130 0.689860 0.097005 0.113444
0 0.104818 0.660075 0.111979 0.093587
0 0.105794 0.569417 0.102214 0.096517
0 0.199544 0.573730 0.098958 0.111003
0 0.138346 0.490316 0.110026 0.098470
0 0.223958 0.475179 0.083333 0.100098
