0 0.042318 0.392497 0.084635 0.165202
0 0.092611 0.492269 0.129883 0.112793
0 0.172689 0.473958 0.086914 0.100911
0 0.188802 0.621826 0.128906 0.106934
0 0.079590 0.679443 0.110352 0.153809
0 0.351888 0.711019 0.124349 0.172038
0 0.354655 0.463135 0.133789 0.171712
0 0.432780 0.606852 0.165039 0.132975
0 0.438802 0.400635 0.106771 0.138509
0 0.461100 0.477458 0.114909 0.096191
0 0.521484 0.623535 0.083333 0.099284
0 0.708659 0.468018 0.063802 0.076660
0 0.707845 0.384115 0.106445 0.142578
0 0.819336 0.367106 0.160156 0.200358
0 0.885579 0.300537 0.120768 0.170736
0 0.909017 0.490153 0.181966 0.158691
0 0.872721 0.680583 0.161458 0.211426
0 0.932454 0.371745 0.084961 0.080078
0 0.965658 0.417887 0.068685 0.044108
0 0.914388 0.586670 0.065104 0.039225
