0 0.043294 0.518636 0.086589 0.123861
0 0.051595 0.672282 0.103190 0.117350
0 0.188151 0.674886 0.135417 0.098470
0 0.149414 0.708252 0.095052 0.089681
0 0.381510 0.604411 0.102214 0.112467
0 0.472656 0.625732 0.147135 0.132324
0 0.614095 0.605387 0.128581 0.118327
0 0.715495 0.577555 0.161458 0.129720
0 0.642090 0.393148 0.090820 0.134603
0 0.938965 0.356283 0.122070 0.163737
0 0.645020 0.689372 0.119466 0.112467
0 0.876790 0.355062 0.067383 0.132650
0 0.967448 0.449951 0.065104 0.075684
1 0.508789 0.448649 0.149740 0.125814
