0 0.047038 0.768799 0.094076 0.104004
0 0.034342 0.691162 0.068685 0.067871
0 0.075358 0.657796 0.105143 0.096191
0 0.036784 0.596924 0.073568 0.079264
0 0.106120 0.567952 0.081380 0.085775
0 0.148763 0.621175 0.107422 0.095215
0 0.120443 0.710205 0.059245 0.082520
0 0.163086 0.712891 0.100260 0.103516
0 0.124674 0.793538 0.094401 0.104004
0 0.249674 0.763265 0.095703 0.102051
0 0.248535 0.674072 0.134440 0.104004
0 0.326172 0.793945 0.100911 0.136068
0 0.374512 0.731934 0.097982 0.101237
0 0.224447 0.622721 0.044596 0.032552
0 0.145182 0.562012 0.039714 0.029622
0 0.149251 0.529215 0.039388 0.036947
0 0.196289 0.552653 0.081380 0.098145
0 0.214844 0.488363 0.084635 0.055501
0 0.244466 0.553792 0.076172 0.118652
0 0.293132 0.593180 0.107747 0.105632
0 0.316406 0.506917 0.076172 0.105632
0 0.300781 0.461670 0.084635 0.067871
0 0.372070 0.505452 0.067708 0.102702
0 0.396810 0.595133 0.100911 0.106283
0 0.447266 0.495687 0.119792 0.126139
0 0.491862 0.453857 0.095703 0.082194
0 0.562012 0.511312 0.116862 0.130697
0 0.449219 0.638184 0.143229 0.118164
0 0.458333 0.694906 0.113932 0.066243
0 0.445475 0.743571 0.053711 0.039225
0 0.525879 0.718262 0.106445 0.120117
0 0.625163 0.438477 0.103190 0.134115
0 0.724447 0.468343 0.111654 0.087077
0 0.735677 0.569092 0.158203 0.127116
0 0.850260 0.505452 0.152995 0.150228
0 0.820557 0.434489 0.085124 0.055176
0 0.804688 0.400798 0.087240 0.070475
0 0.925944 0.428548 0.105794 0.176758
0 0.950684 0.370687 0.090820 0.102702
0 0.816243 0.684001 0.135091 0.157064
0 0.898600 0.699382 0.089518 0.137044
0 0.756836 0.671956 0.059896 0.099121
0 0.616862 0.867757 0.067708 0.072103
0 0.738281 0.833984 0.081380 0.086589
0 0.794271 0.927490 0.082031 0.086751
0 0.885905 0.891846 0.097982 0.076660
0 0.610352 0.781657 0.059245 0.078288
0 0.564616 0.832113 0.071289 0.073730
0 0.685547 0.838867 0.052734 0.067057
