0 0.170085 0.396566 0.092122 0.120605
0 0.242839 0.435954 0.082682 0.075684
0 0.250000 0.522705 0.115234 0.097493
0 0.234375 0.591227 0.096354 0.083496
0 0.556641 0.572428 0.109375 0.094076
0 0.603841 0.574463 0.052734 0.092936
0 0.983236 0.389242 0.033529 0.096842
2 0.906738 0.403890 0.090169 0.097493
2 0.959473 0.527832 0.081055 0.092122
2 0.841309 0.463949 0.102539 0.081543
2 0.572917 0.477946 0.111979 0.100423
2 0.545573 0.418538 0.076172 0.076009
2 0.017334 0.437419 0.034342 0.089681
2 0.904948 0.601156 0.098307 0.087077
