0 0.061035 0.770589 0.122070 0.112142
0 0.160645 0.692464 0.110352 0.095215
0 0.064941 0.673421 0.104492 0.113770
0 0.069499 0.563721 0.103841 0.108561
0 0.137044 0.542074 0.089193 0.091960
0 0.043294 0.511637 0.084635 0.081868
0 0.015462 0.586344 0.030924 0.084147
0 0.082194 0.493083 0.032227 0.038900
0 0.408529 0.476318 0.080078 0.083496
0 0.445964 0.591715 0.038411 0.057780
0 0.485677 0.610596 0.067708 0.077962
0 0.553060 0.581462 0.097656 0.102376
0 0.469727 0.527913 0.098307 0.097493
0 0.459635 0.439860 0.100911 0.082194
0 0.490723 0.385986 0.083008 0.088379
0 0.547852 0.452393 0.078776 0.070801
0 0.710938 0.500000 0.087891 0.072266
0 0.780273 0.496826 0.082031 0.075033
0 0.762695 0.421631 0.104167 0.094564
0 0.702962 0.397868 0.080404 0.079590
0 0.757812 0.348226 0.078125 0.064290
0 0.894694 0.334391 0.083659 0.085449
0 0.937500 0.277995 0.081380 0.085286
0 0.962565 0.372233 0.074870 0.088867
