0 0.177734 0.523112 0.082682 0.091797
0 0.275553 0.520752 0.092122 0.085775
0 0.383301 0.463460 0.114909 0.119629
0 0.327962 0.559326 0.068685 0.114095
0 0.302572 0.665771 0.141602 0.119954
0 0.385417 0.754801 0.114583 0.135905
0 0.435221 0.676514 0.111328 0.125163
0 0.503581 0.732666 0.104167 0.118327
0 0.450358 0.794027 0.072591 0.075033
0 0.697591 0.488200 0.112630 0.096842
0 0.727295 0.434489 0.037598 0.044759
0 0.780924 0.455485 0.098958 0.106934
0 0.862793 0.447021 0.077148 0.070475
0 0.916992 0.506104 0.115885 0.124186
0 0.954590 0.633382 0.090820 0.110514
0 0.878418 0.607829 0.130534 0.116048
0 0.792155 0.671143 0.108398 0.118327
0 0.809896 0.522461 0.108724 0.126302
0 0.713867 0.561279 0.086589 0.047689
0 0.702799 0.597900 0.120443 0.092936
0 0.716146 0.681559 0.085938 0.083822
0 0.824382 0.750244 0.109049 0.130046
0 0.879232 0.741618 0.041016 0.103027
0 0.732910 0.729085 0.077799 0.032389
0 0.399414 0.567627 0.123698 0.109212
0 0.505697 0.519287 0.111003 0.116699
