0 0.094076 0.636963 0.136068 0.130697
0 0.127441 0.769938 0.138997 0.145345
0 0.292806 0.728923 0.159831 0.121908
0 0.264811 0.591309 0.097982 0.122070
0 0.392415 0.489502 0.105794 0.143717
0 0.355957 0.416423 0.107096 0.109538
0 0.494629 0.418538 0.135091 0.134603
0 0.448324 0.385986 0.073079 0.079264
0 0.575195 0.312337 0.127604 0.164388
0 0.682780 0.341227 0.101888 0.119303
0 0.733398 0.383219 0.150391 0.152507
0 0.705566 0.515381 0.153320 0.144043
0 0.540202 0.545654 0.157227 0.132324
0 0.623047 0.588135 0.131510 0.076009
0 0.596191 0.694580 0.138997 0.135254
0 0.275228 0.827148 0.139648 0.125000
1 0.184733 0.548258 0.125326 0.168132
1 0.061849 0.602783 0.123698 0.145671
