0 0.128255 0.667399 0.139323 0.112142
0 0.184082 0.766846 0.118815 0.105306
0 0.229492 0.699870 0.110677 0.120443
0 0.165365 0.551025 0.121745 0.131348
0 0.236491 0.558757 0.045898 0.089518
0 0.494141 0.565674 0.116536 0.127441
0 0.489746 0.442383 0.117513 0.119141
0 0.430501 0.449300 0.095378 0.106934
0 0.510579 0.396891 0.053711 0.040527
0 0.903809 0.152913 0.101237 0.107259
0 0.955241 0.162679 0.089518 0.116374
0 0.958333 0.302409 0.083333 0.137370
0 0.901367 0.234619 0.069010 0.048665
0 0.907878 0.288981 0.079427 0.072103
0 0.017578 0.736898 0.034505 0.120931
