0 0.375326 0.533854 0.166016 0.163411
0 0.352051 0.443197 0.152018 0.101237
0 0.448568 0.393799 0.082682 0.120280
0 0.541016 0.382080 0.136719 0.128743
0 0.508952 0.461507 0.129232 0.161296
0 0.374837 0.655192 0.162435 0.127441
0 0.501628 0.628581 0.067708 0.080729
0 0.685384 0.512939 0.098633 0.055827
0 0.670817 0.642985 0.062337 0.087402
0 0.724447 0.657796 0.124023 0.118978
0 0.788737 0.539632 0.147135 0.104004
0 0.861003 0.468180 0.138021 0.133626
0 0.859538 0.648682 0.154622 0.132650
0 0.823730 0.740234 0.119466 0.106120
