0 0.068522 0.574788 0.097331 0.095540
0 0.016764 0.501709 0.033529 0.084798
0 0.127441 0.457601 0.127279 0.106608
0 0.215658 0.544515 0.108398 0.107910
0 0.181966 0.631755 0.110677 0.125488
0 0.272624 0.635498 0.090169 0.121257
0 0.309896 0.574463 0.078776 0.092285
0 0.308431 0.477132 0.135091 0.100098
0 0.383626 0.566650 0.112956 0.111816
0 0.505208 0.619059 0.121094 0.128092
0 0.481934 0.672526 0.083659 0.096680
0 0.524251 0.482829 0.123372 0.113444
0 0.589844 0.621338 0.108724 0.114421
0 0.549642 0.377686 0.103190 0.106283
0 0.607747 0.480713 0.062500 0.056478
0 0.846191 0.464925 0.132487 0.138184
0 0.931641 0.378499 0.113932 0.163900
0 0.964030 0.620280 0.071940 0.126302
0 0.976074 0.496826 0.047852 0.116048
