0 0.109863 0.729899 0.207357 0.224121
0 0.089518 0.545654 0.179036 0.207194
0 0.512533 0.347005 0.073242 0.130859
0 0.182454 0.397542 0.170247 0.209798
0 0.597819 0.376058 0.155273 0.161621
0 0.605143 0.265218 0.115885 0.109863
0 0.739421 0.290609 0.157878 0.156087
0 0.922363 0.274658 0.115560 0.074707
0 0.933105 0.349284 0.132487 0.136068
0 0.741536 0.452393 0.171224 0.162598
0 0.576986 0.535238 0.174154 0.156413
0 0.791341 0.599854 0.179036 0.165853
0 0.634440 0.636068 0.139323 0.161458
0 0.714844 0.672607 0.092448 0.104980
