0 0.915853 0.642334 0.130534 0.126465
0 0.915853 0.642334 0.130534 0.126465
0 0.971354 0.610596 0.057292 0.090983
0 0.618164 0.539876 0.102865 0.095378
0 0.618164 0.539876 0.102865 0.095378
0 0.506673 0.648519 0.103190 0.101074
0 0.506673 0.648519 0.103190 0.101074
0 0.477702 0.526042 0.118815 0.123698
0 0.477702 0.526042 0.118815 0.123698
0 0.552246 0.502686 0.080404 0.101725
0 0.091146 0.622721 0.119141 0.134766
0 0.091146 0.622721 0.119141 0.134766
0 0.256348 0.429118 0.126628 0.111491
0 0.256348 0.429118 0.126628 0.111491
0 0.136068 0.375651 0.102214 0.128906
0 0.136068 0.375651 0.102214 0.128906
0 0.058105 0.460368 0.116211 0.111491
0 0.058105 0.460368 0.116211 0.111491
0 0.026367 0.552816 0.052734 0.108236
0 0.026367 0.552816 0.052734 0.108236
0 0.835449 0.655355 0.049805 0.026204
0 0.852376 0.724040 0.110352 0.039225
