0 0.963053 0.347575 0.073893 0.115072
0 0.880534 0.298340 0.102214 0.107096
0 0.886882 0.403727 0.108398 0.107585
0 0.897624 0.509440 0.109049 0.105469
0 0.842122 0.572998 0.118490 0.108236
0 0.781901 0.433675 0.092448 0.036621
0 0.655436 0.457764 0.084961 0.091960
0 0.604167 0.533773 0.134115 0.126139
0 0.566895 0.418538 0.146810 0.126139
0 0.501139 0.350342 0.111003 0.125163
0 0.410645 0.403564 0.121419 0.133301
0 0.481771 0.510173 0.123047 0.124512
0 0.384277 0.515706 0.090169 0.094564
0 0.401530 0.614014 0.125326 0.112142
0 0.526693 0.623454 0.118490 0.135579
0 0.324382 0.512858 0.034831 0.023438
0 0.310221 0.498047 0.048177 0.034831
0 0.329427 0.466064 0.076823 0.034993
0 0.350260 0.419027 0.037760 0.064616
0 0.036458 0.489665 0.072917 0.063314
0 0.038737 0.547933 0.077474 0.096517
0 0.069336 0.663656 0.138672 0.134603
0 0.964274 0.291423 0.071126 0.060059
