0 0.077148 0.631592 0.154297 0.162272
0 0.082682 0.491862 0.165365 0.145833
0 0.185710 0.376872 0.158529 0.157389
0 0.052083 0.360758 0.104167 0.147949
0 0.142090 0.322835 0.096680 0.099447
0 0.498535 0.417318 0.121419 0.121094
0 0.451172 0.582275 0.134766 0.105306
0 0.795247 0.480713 0.066406 0.102051
0 0.854980 0.482340 0.112305 0.117676
0 0.928385 0.432210 0.107422 0.119629
0 0.938151 0.545980 0.111979 0.107585
0 0.922038 0.686117 0.109049 0.134603
0 0.788900 0.606038 0.124023 0.060384
0 0.334473 0.801188 0.096029 0.093262
