0 0.091797 0.344076 0.120443 0.098958
0 0.112142 0.243083 0.125977 0.101400
0 0.217448 0.246826 0.083984 0.085449
0 0.257161 0.319580 0.115885 0.117676
0 0.174154 0.377523 0.092448 0.085775
0 0.275228 0.461019 0.105143 0.114746
0 0.167155 0.464437 0.105143 0.095540
0 0.372233 0.539144 0.129883 0.126465
0 0.493815 0.489176 0.130208 0.128743
0 0.482422 0.602783 0.113932 0.126139
0 0.604655 0.422526 0.118815 0.126302
0 0.569173 0.329915 0.133138 0.120768
0 0.921549 0.456299 0.156250 0.143717
0 0.931478 0.559245 0.137044 0.163411
0 0.955729 0.684408 0.088542 0.113932
0 0.786296 0.527588 0.150716 0.156087
0 0.846842 0.676514 0.138997 0.164876
0 0.710938 0.731527 0.133464 0.118001
0 0.792969 0.814779 0.124349 0.154297
0 0.878906 0.776123 0.150391 0.129069
0 0.934896 0.795980 0.093750 0.125814
0 0.750651 0.636882 0.048828 0.055013
0 0.327881 0.432536 0.048665 0.034993
