0 0.934082 0.354411 0.123372 0.141764
0 0.923665 0.525309 0.142904 0.143066
0 0.967611 0.275635 0.064779 0.109863
0 0.893066 0.305094 0.095378 0.101074
0 0.558919 0.386963 0.087240 0.105957
0 0.399577 0.352458 0.103841 0.070801
0 0.399577 0.352458 0.103841 0.070801
0 0.351725 0.430583 0.064128 0.090332
0 0.351725 0.430583 0.064128 0.090332
0 0.430664 0.430908 0.125000 0.139811
0 0.523275 0.365560 0.092773 0.117188
0 0.537598 0.615072 0.114258 0.160482
0 0.450521 0.573812 0.134115 0.146973
0 0.395182 0.546956 0.089193 0.097819
