0 0.035482 0.540771 0.070964 0.102376
0 0.040527 0.641520 0.081055 0.100098
0 0.103027 0.677409 0.098633 0.122396
0 0.191406 0.651937 0.101562 0.081868
0 0.198079 0.588949 0.096029 0.088704
0 0.118327 0.545492 0.107096 0.104004
0 0.067708 0.443278 0.104818 0.115723
0 0.192383 0.483317 0.110677 0.098796
0 0.482422 0.533122 0.111328 0.100749
0 0.501465 0.435465 0.106445 0.101400
0 0.504069 0.364665 0.108398 0.093262
0 0.576823 0.366618 0.070964 0.093262
0 0.602376 0.433350 0.097331 0.120605
0 0.573568 0.555176 0.094401 0.111003
0 0.610026 0.608154 0.098958 0.106934
0 0.642253 0.511800 0.115234 0.089355
0 0.673503 0.417236 0.080729 0.097493
0 0.920573 0.539144 0.110026 0.100423
0 0.871908 0.358968 0.111654 0.094238
0 0.968913 0.456787 0.062174 0.106934
0 0.970540 0.336100 0.058919 0.085612
0 0.984701 0.344808 0.030599 0.091309
