0 0.793294 0.495036 0.129557 0.094238
0 0.773438 0.394613 0.139323 0.126465
0 0.773438 0.394613 0.139323 0.126465
0 0.751628 0.351156 0.119141 0.080566
0 0.751628 0.351156 0.119141 0.080566
0 0.651367 0.316488 0.087891 0.099772
0 0.622396 0.376709 0.125651 0.135579
0 0.622396 0.376709 0.125651 0.135579
0 0.720052 0.570068 0.106771 0.112142
0 0.585124 0.493408 0.150716 0.128743
0 0.560547 0.377116 0.052083 0.103190
0 0.491536 0.401774 0.092448 0.106934
0 0.491536 0.401774 0.092448 0.106934
0 0.414225 0.351644 0.109049 0.133626
0 0.414225 0.351644 0.109049 0.133626
0 0.281901 0.353597 0.113932 0.091309
0 0.281901 0.353597 0.113932 0.091309
0 0.310547 0.401123 0.123047 0.121257
0 0.429036 0.463786 0.119141 0.109212
0 0.429036 0.463786 0.119141 0.109212
0 0.489746 0.547852 0.140951 0.115234
0 0.489746 0.547852 0.140951 0.115234
0 0.465251 0.623698 0.106608 0.107422
0 0.465251 0.623698 0.106608 0.107422
0 0.380697 0.637939 0.115560 0.142415
0 0.380697 0.637939 0.115560 0.142415
0 0.357747 0.537354 0.097656 0.095540
0 0.045573 0.585693 0.091146 0.110189
0 0.029297 0.438070 0.058594 0.133952
0 0.376546 0.324626 0.076009 0.098470
