0 0.233561 0.757568 0.101237 0.088704
0 0.582682 0.526611 0.087240 0.100098
0 0.661133 0.492106 0.087240 0.071452
0 0.505208 0.428141 0.098958 0.097168
0 0.582520 0.349691 0.092122 0.095866
0 0.609701 0.443278 0.078776 0.072103
0 0.659993 0.224691 0.090169 0.092611
0 0.643880 0.172933 0.089193 0.072428
0 0.758952 0.264242 0.081055 0.097493
0 0.769368 0.161214 0.095378 0.098470
0 0.860514 0.224040 0.106445 0.087402
0 0.868327 0.112142 0.072591 0.085612
0 0.216146 0.827393 0.067708 0.071452
0 0.388021 0.892334 0.120443 0.121908
0 0.406901 0.945964 0.072266 0.052409
2 0.283203 0.804769 0.125651 0.113444
