0 0.349935 0.399658 0.143880 0.182780
0 0.455241 0.307048 0.198893 0.198730
0 0.550456 0.248942 0.126302 0.133301
0 0.652507 0.319255 0.186523 0.206217
0 0.520996 0.448649 0.209961 0.216960
0 0.709147 0.502523 0.217773 0.184733
0 0.370931 0.622965 0.166341 0.153483
0 0.504395 0.645752 0.200195 0.177572
0 0.416992 0.754313 0.188802 0.187012
0 0.570638 0.779215 0.138672 0.156087
0 0.680339 0.702393 0.196615 0.192546
0 0.036784 0.731527 0.073568 0.181803
0 0.028564 0.269450 0.056803 0.175618
0 0.044759 0.590576 0.089518 0.094564
