0 0.201335 0.450439 0.128581 0.120280
0 0.225098 0.309896 0.103190 0.123698
0 0.318685 0.338460 0.119792 0.118978
0 0.307454 0.491943 0.095378 0.114095
0 0.217936 0.549967 0.120117 0.117513
0 0.406250 0.448324 0.138672 0.127116
0 0.511393 0.402669 0.110026 0.127604
0 0.450846 0.588786 0.109375 0.129395
0 0.612305 0.439860 0.136719 0.110840
0 0.880534 0.507568 0.162109 0.159017
0 0.861003 0.695719 0.155599 0.176595
0 0.599121 0.572347 0.121419 0.101074
0 0.508789 0.627035 0.097656 0.124512
0 0.972493 0.477620 0.055013 0.123861
