0 0.686035 0.596273 0.111003 0.108561
0 0.635091 0.664958 0.086589 0.107910
0 0.808757 0.545329 0.130534 0.101074
0 0.938802 0.456299 0.122396 0.118978
0 0.977214 0.392985 0.045573 0.041829
0 0.847331 0.413411 0.115885 0.135417
0 0.274577 0.712891 0.083659 0.095703
0 0.217285 0.644938 0.073893 0.067871
0 0.230957 0.558675 0.090169 0.088704
0 0.252604 0.513916 0.072917 0.066243
0 0.286133 0.631429 0.075521 0.083171
0 0.359049 0.612305 0.078125 0.086589
0 0.388509 0.525472 0.085612 0.090007
0 0.451009 0.554769 0.086263 0.095866
0 0.444336 0.456624 0.080729 0.101400
0 0.483398 0.443441 0.063151 0.099772
0 0.559570 0.511475 0.104167 0.084798
0 0.560221 0.597493 0.136068 0.092122
0 0.607096 0.482178 0.112630 0.112142
0 0.625977 0.418376 0.101562 0.108887
0 0.722819 0.462484 0.107096 0.111816
0 0.718099 0.386312 0.100911 0.098145
0 0.534342 0.458089 0.053711 0.062663
0 0.569336 0.424398 0.017578 0.036947
