0 0.527995 0.533203 0.117188 0.114583
0 0.655599 0.457682 0.162760 0.100911
0 0.571940 0.379476 0.146484 0.165202
0 0.599121 0.507894 0.115560 0.086100
0 0.490397 0.301514 0.116862 0.122559
0 0.420247 0.367920 0.155599 0.172689
0 0.522624 0.561686 0.142253 0.121419
0 0.383952 0.571696 0.153320 0.172038
0 0.332031 0.462972 0.142578 0.126465
0 0.350098 0.341715 0.083659 0.136556
0 0.300130 0.604085 0.101562 0.129395
0 0.217936 0.653158 0.097982 0.108398
0 0.203613 0.542806 0.097331 0.112956
0 0.090169 0.579102 0.140625 0.115234
