0 0.078125 0.290609 0.121094 0.131999
0 0.086263 0.433512 0.119792 0.100098
0 0.164551 0.314209 0.075846 0.090007
0 0.055501 0.564941 0.111003 0.107747
0 0.404622 0.517415 0.114583 0.099935
0 0.394857 0.419352 0.110677 0.047038
0 0.438151 0.359619 0.078125 0.102702
0 0.496582 0.333415 0.088216 0.117350
0 0.532064 0.440674 0.107747 0.113770
0 0.573893 0.389404 0.113281 0.101725
0 0.518880 0.536702 0.080729 0.088379
0 0.473470 0.594971 0.093424 0.122233
0 0.940430 0.412760 0.095703 0.086589
0 0.956543 0.503988 0.081706 0.088053
