0 0.050944 0.619466 0.101888 0.110026
0 0.088379 0.503988 0.101237 0.120605
0 0.191895 0.481201 0.105143 0.111491
0 0.152832 0.571533 0.117513 0.122233
0 0.115234 0.681396 0.117188 0.121257
0 0.437337 0.453369 0.127930 0.103353
0 0.475260 0.334717 0.106120 0.124512
0 0.572754 0.344971 0.090169 0.083171
0 0.541992 0.412842 0.117839 0.126465
0 0.545085 0.567952 0.097331 0.128743
0 0.971842 0.517822 0.056315 0.129395
0 0.971842 0.517822 0.056315 0.129395
0 0.933105 0.360758 0.127279 0.136230
0 0.933105 0.360758 0.127279 0.136230
0 0.858724 0.450602 0.112630 0.102376
0 0.838867 0.316976 0.105469 0.133301
0 0.838867 0.316976 0.105469 0.133301
