0 0.343262 0.606364 0.133138 0.108561
0 0.362630 0.514242 0.129557 0.130046
0 0.443359 0.651286 0.098958 0.141113
0 0.539551 0.652913 0.150065 0.166504
0 0.482585 0.522705 0.136393 0.121582
0 0.630371 0.544027 0.152669 0.125163
0 0.463379 0.419515 0.104492 0.101400
0 0.571289 0.435791 0.128906 0.102051
0 0.532064 0.370443 0.049805 0.067708
0 0.485352 0.339925 0.095703 0.091960
0 0.426270 0.350342 0.056966 0.101074
0 0.712565 0.487712 0.112630 0.071126
0 0.922526 0.468831 0.154948 0.152507
0 0.887207 0.613851 0.185221 0.160645
0 0.929850 0.776449 0.140299 0.147298
0 0.868652 0.744873 0.108398 0.127116
0 0.980794 0.682210 0.038411 0.131348
