0 0.085612 0.158040 0.107422 0.121419
0 0.197266 0.201742 0.119792 0.108561
0 0.147135 0.326660 0.118490 0.112305
0 0.067057 0.274170 0.124349 0.106934
0 0.030436 0.337158 0.060872 0.084473
0 0.122884 0.363118 0.092122 0.082682
0 0.478678 0.517008 0.099284 0.113444
0 0.506510 0.409424 0.091146 0.112467
0 0.580404 0.486898 0.120443 0.105306
0 0.616536 0.406657 0.113281 0.093913
0 0.551432 0.543701 0.078125 0.064616
0 0.832357 0.504964 0.089844 0.088053
0 0.874512 0.530355 0.108398 0.088704
0 0.905436 0.595459 0.069336 0.080241
0 0.842773 0.618245 0.101562 0.112142
0 0.758464 0.631104 0.089844 0.077311
0 0.723307 0.693278 0.110026 0.105306
0 0.827962 0.683838 0.109701 0.060384
