0 0.073893 0.391683 0.142578 0.107585
0 0.094238 0.490967 0.143555 0.104980
0 0.179688 0.342529 0.134766 0.130371
0 0.196452 0.281982 0.104492 0.106934
0 0.303060 0.395752 0.123698 0.074056
0 0.197917 0.446696 0.092448 0.083496
0 0.189128 0.552979 0.110677 0.122233
0 0.265299 0.485433 0.093750 0.082194
0 0.347331 0.581624 0.121745 0.105957
0 0.356445 0.481283 0.097656 0.094076
0 0.414714 0.588379 0.077474 0.100586
0 0.494466 0.585205 0.101562 0.118978
0 0.578125 0.531982 0.099609 0.087402
0 0.524414 0.497803 0.117188 0.106934
0 0.492513 0.415365 0.119792 0.104818
0 0.567383 0.391520 0.086589 0.084473
0 0.521647 0.350667 0.079753 0.030111
0 0.429199 0.339925 0.109701 0.128418
