0 0.048991 0.627686 0.097982 0.129720
0 0.050293 0.499430 0.100586 0.129720
0 0.045085 0.399007 0.028971 0.076009
0 0.106445 0.390706 0.150391 0.109538
0 0.116862 0.480876 0.147786 0.136882
0 0.142090 0.617432 0.144857 0.139811
0 0.197591 0.686117 0.123698 0.154785
0 0.237956 0.379069 0.123047 0.130534
0 0.401530 0.385254 0.140951 0.137044
0 0.505208 0.344157 0.126953 0.148600
0 0.608236 0.348226 0.094727 0.110514
0 0.460124 0.474691 0.135742 0.123210
0 0.593587 0.452555 0.133138 0.124512
0 0.398763 0.570394 0.163411 0.123210
0 0.446452 0.646566 0.127279 0.123861
0 0.546549 0.668376 0.107422 0.145345
0 0.778158 0.524170 0.137695 0.108887
0 0.754069 0.445068 0.129232 0.064616
0 0.854818 0.367920 0.102865 0.116699
