0 0.549642 0.059001 0.079102 0.070475
0 0.499349 0.034912 0.080729 0.068522
0 0.422689 0.054606 0.074544 0.071452
0 0.385417 0.116130 0.074870 0.080566
0 0.435221 0.133219 0.032552 0.073079
0 0.500326 0.121012 0.050781 0.074707
0 0.461263 0.215332 0.080729 0.119466
0 0.381348 0.272542 0.087565 0.066569
0 0.407064 0.300944 0.097331 0.086263
0 0.428223 0.392985 0.045898 0.076986
0 0.466960 0.361410 0.084310 0.092611
0 0.554036 0.370931 0.083333 0.088867
0 0.615723 0.359456 0.077799 0.068522
0 0.610677 0.288818 0.088542 0.088704
0 0.528158 0.289469 0.096029 0.085449
0 0.672363 0.616374 0.109701 0.097982
0 0.572266 0.589111 0.105469 0.110514
0 0.601562 0.677734 0.095052 0.080729
0 0.676432 0.535563 0.072917 0.077637
0 0.619303 0.539469 0.081706 0.084798
0 0.641439 0.483968 0.061523 0.030436
0 0.599447 0.454346 0.076497 0.096191
0 0.541341 0.488037 0.100260 0.116699
0 0.450521 0.489827 0.102214 0.109863
0 0.474447 0.623291 0.116211 0.102702
0 0.452148 0.698079 0.099609 0.097982
0 0.479167 0.747152 0.038411 0.058105
0 0.402995 0.708740 0.063802 0.101074
0 0.364421 0.621826 0.105143 0.081543
0 0.389974 0.565674 0.112630 0.123535
