0 0.224284 0.788656 0.113281 0.110514
0 0.297201 0.711344 0.099609 0.097168
0 0.326660 0.880452 0.094076 0.089681
0 0.333822 0.803304 0.081706 0.084473
0 0.409505 0.830322 0.087891 0.080566
0 0.398112 0.782145 0.033854 0.024577
0 0.347656 0.675537 0.048828 0.042480
0 0.423665 0.519368 0.094076 0.094076
0 0.415527 0.454427 0.088867 0.069661
0 0.519531 0.567139 0.080729 0.102376
0 0.519531 0.470296 0.098958 0.091634
0 0.624349 0.522705 0.104818 0.087728
0 0.570150 0.549154 0.048503 0.074219
0 0.658040 0.371338 0.073893 0.085124
0 0.713867 0.355713 0.052083 0.042806
0 0.748535 0.304525 0.075846 0.075846
0 0.682292 0.301514 0.076823 0.079590
0 0.613607 0.347900 0.020833 0.033691
0 0.569987 0.331950 0.063802 0.072754
0 0.571615 0.264567 0.085286 0.082520
0 0.560547 0.198649 0.053385 0.061361
0 0.606934 0.167887 0.078451 0.085124
0 0.628418 0.228434 0.083659 0.086426
0 0.712077 0.221517 0.093424 0.086263
0 0.696615 0.103597 0.073568 0.065267
0 0.686198 0.159424 0.066406 0.057780
0 0.800130 0.192301 0.079427 0.082520
0 0.767253 0.050618 0.078125 0.085612
