0 0.090983 0.413574 0.144206 0.152669
0 0.070964 0.685059 0.140625 0.168294
0 0.034993 0.594971 0.069987 0.128743
0 0.173828 0.718669 0.119141 0.131999
0 0.179525 0.598389 0.145508 0.141439
0 0.289876 0.605387 0.138346 0.130697
0 0.352865 0.490479 0.168620 0.135905
0 0.432780 0.602946 0.118164 0.160970
0 0.527995 0.529704 0.108724 0.105632
0 0.556966 0.402832 0.137370 0.150716
0 0.432129 0.372152 0.122070 0.150553
0 0.331380 0.370199 0.121745 0.111491
0 0.844238 0.434326 0.110352 0.108236
0 0.758789 0.385986 0.108724 0.079915
0 0.826986 0.314697 0.107096 0.128092
0 0.871582 0.280843 0.081055 0.096842
0 0.894694 0.546224 0.122721 0.120443
0 0.795898 0.512939 0.084635 0.096191
