0 0.511882 0.614502 0.159180 0.194499
0 0.606934 0.665446 0.148763 0.178548
0 0.599447 0.558512 0.116862 0.100749
0 0.351237 0.606038 0.169922 0.177572
0 0.256510 0.623861 0.076172 0.133138
0 0.266439 0.485758 0.197591 0.146647
0 0.331055 0.364827 0.203776 0.173014
0 0.494141 0.427979 0.186198 0.188639
0 0.575195 0.263916 0.184896 0.184733
0 0.645996 0.290120 0.112956 0.133626
0 0.919271 0.433350 0.161458 0.138184
0 0.967611 0.333415 0.064779 0.169434
0 0.937500 0.571859 0.123047 0.034993
0 0.884766 0.653727 0.054036 0.094564
0 0.426595 0.191650 0.164388 0.212728
0 0.345703 0.284424 0.168620 0.100749
0 0.266113 0.207764 0.158529 0.159017
0 0.143880 0.157064 0.146484 0.183268
