0 0.319499 0.373291 0.156576 0.144368
0 0.454915 0.333415 0.140299 0.145345
0 0.581543 0.315023 0.133789 0.158691
0 0.663411 0.399170 0.176432 0.125814
0 0.659180 0.514730 0.106771 0.106934
0 0.609212 0.604899 0.125977 0.108236
0 0.551432 0.495687 0.139974 0.137858
0 0.426107 0.441813 0.136719 0.131022
0 0.303548 0.509359 0.162435 0.126139
0 0.409668 0.591878 0.126628 0.169434
0 0.298665 0.590413 0.112956 0.079264
0 0.435059 0.650798 0.073893 0.065918
0 0.519206 0.261963 0.098958 0.091634
0 0.579427 0.189209 0.113281 0.094564
0 0.446452 0.205485 0.084310 0.103678
0 0.367350 0.207682 0.091471 0.083333
