0 0.949219 0.621501 0.092448 0.094564
0 0.819336 0.614502 0.078776 0.090332
0 0.737793 0.596761 0.088216 0.087402
0 0.785645 0.516195 0.090169 0.088379
0 0.761230 0.475179 0.069336 0.056478
0 0.702637 0.506836 0.077148 0.049479
0 0.486979 0.561442 0.091146 0.094889
0 0.525065 0.475342 0.086589 0.092611
0 0.533040 0.400798 0.091471 0.077637
0 0.484049 0.412516 0.038411 0.065267
0 0.437337 0.416260 0.075195 0.074056
0 0.428548 0.481201 0.101888 0.097168
0 0.415365 0.527100 0.076823 0.061361
0 0.174805 0.497396 0.098307 0.104167
0 0.260905 0.439697 0.107747 0.092936
0 0.116374 0.471110 0.065430 0.067871
0 0.132161 0.395589 0.119792 0.110840
0 0.229004 0.343018 0.108398 0.108561
0 0.288737 0.331624 0.070964 0.098145
0 0.168945 0.314209 0.076172 0.087402
0 0.032552 0.296631 0.065104 0.103678
