0 0.244629 0.241781 0.115560 0.119629
0 0.349609 0.184652 0.106120 0.122559
0 0.346354 0.076090 0.080078 0.097493
0 0.330241 0.284261 0.083008 0.081543
0 0.429362 0.191488 0.076823 0.111491
0 0.466960 0.251546 0.105143 0.094238
0 0.489746 0.531169 0.108398 0.108561
0 0.515299 0.638428 0.097656 0.112793
0 0.556966 0.673747 0.113932 0.128743
0 0.586426 0.559082 0.112956 0.108398
0 0.605794 0.481038 0.093099 0.102051
0 0.680827 0.489176 0.090820 0.111165
0 0.736491 0.791585 0.098633 0.078613
0 0.776530 0.911865 0.110352 0.110840
0 0.815104 0.847412 0.128906 0.114095
0 0.914225 0.748617 0.121419 0.130046
0 0.834310 0.719808 0.086589 0.103027
