0 0.181803 0.596924 0.137695 0.115072
0 0.123210 0.470459 0.125977 0.146647
0 0.227051 0.411540 0.103841 0.121908
0 0.264811 0.478923 0.112305 0.088053
0 0.298014 0.612223 0.108398 0.089681
0 0.504069 0.661540 0.137695 0.190918
0 0.503906 0.492757 0.151693 0.136556
0 0.619792 0.469482 0.145182 0.125163
0 0.927409 0.600667 0.145182 0.170085
0 0.967611 0.338135 0.064779 0.167806
0 0.908854 0.356527 0.059896 0.134928
0 0.818034 0.333740 0.153646 0.172689
0 0.611165 0.385173 0.136393 0.086751
0 0.551758 0.330973 0.115234 0.173014
0 0.459147 0.379801 0.138346 0.167155
0 0.391927 0.392985 0.025391 0.086751
