0 0.134766 0.414795 0.194661 0.140137
0 0.179688 0.529541 0.201172 0.163900
0 0.161784 0.667399 0.192057 0.145996
0 0.255371 0.369710 0.135742 0.158691
0 0.563151 0.447184 0.121094 0.124186
0 0.509928 0.494873 0.040690 0.020996
0 0.527669 0.572835 0.097005 0.038249
0 0.640625 0.567790 0.134766 0.125163
0 0.776204 0.577718 0.140951 0.135905
0 0.860514 0.443522 0.111003 0.122070
0 0.722982 0.667074 0.091797 0.092611
0 0.656738 0.767985 0.088867 0.074382
0 0.517904 0.665771 0.090495 0.084147
0 0.918945 0.875814 0.072917 0.082357
