0 0.155762 0.026774 0.062174 0.053548
0 0.103516 0.022868 0.049479 0.045736
0 0.114421 0.070719 0.062826 0.053548
0 0.101562 0.122152 0.054036 0.061361
0 0.167480 0.082926 0.067383 0.056478
0 0.270020 0.098958 0.085612 0.063151
0 0.184245 0.150798 0.072266 0.081543
0 0.149251 0.139323 0.042643 0.064453
0 0.221191 0.211182 0.070638 0.098796
0 0.335286 0.154704 0.078776 0.076986
0 0.330566 0.203939 0.078451 0.085612
0 0.277344 0.199951 0.044271 0.060059
0 0.419434 0.193441 0.078451 0.080892
0 0.469238 0.200928 0.034831 0.044434
0 0.450033 0.247314 0.093424 0.068848
0 0.432454 0.302165 0.073242 0.081543
0 0.343262 0.274333 0.066732 0.059082
0 0.300781 0.314535 0.080729 0.064616
0 0.369466 0.350586 0.074870 0.096354
0 0.309082 0.361979 0.053711 0.054036
0 0.558268 0.376058 0.078125 0.091309
0 0.476562 0.418376 0.087240 0.076335
0 0.428223 0.488037 0.094076 0.088704
0 0.515299 0.541829 0.077474 0.109049
0 0.561361 0.463298 0.094076 0.082845
0 0.268555 0.421305 0.045573 0.045736
0 0.204753 0.414795 0.054687 0.040527
0 0.323893 0.542969 0.063151 0.043620
0 0.247233 0.564697 0.065430 0.059082
0 0.188477 0.569499 0.063151 0.059570
0 0.222168 0.615560 0.049805 0.057292
0 0.205729 0.671794 0.072266 0.060384
0 0.313314 0.675049 0.066732 0.055827
0 0.281576 0.722982 0.057292 0.069661
0 0.239909 0.702067 0.054688 0.057129
0 0.215007 0.750407 0.058919 0.068522
0 0.191895 0.956462 0.071289 0.069824
0 0.222656 0.968831 0.066406 0.062012
0 0.307780 0.968099 0.070638 0.063802
0 0.345378 0.943441 0.075521 0.071126
0 0.624349 0.476074 0.072917 0.083008
0 0.716634 0.607829 0.086263 0.098470
0 0.789551 0.666911 0.112956 0.087728
0 0.789225 0.743734 0.069336 0.073405
0 0.735514 0.748291 0.086263 0.109212
0 0.664714 0.666504 0.074870 0.067383
0 0.636719 0.745850 0.094401 0.085449
0 0.580729 0.765788 0.077474 0.088216
0 0.597331 0.517008 0.050130 0.028809
0 0.969238 0.985270 0.061523 0.029134
0 0.229167 0.453695 0.050130 0.050618
0 0.193359 0.375407 0.054036 0.039876
