0 0.422689 0.284261 0.116862 0.134928
0 0.337565 0.325439 0.099609 0.109212
0 0.343424 0.432048 0.071615 0.098470
0 0.404460 0.409912 0.112956 0.123861
0 0.508789 0.370361 0.113932 0.112467
0 0.604329 0.353597 0.103190 0.086100
0 0.601237 0.315186 0.110026 0.056152
0 0.566895 0.451090 0.108398 0.113770
0 0.441243 0.477946 0.096029 0.103027
0 0.599609 0.629639 0.089844 0.114095
0 0.561686 0.663330 0.103841 0.120931
0 0.673340 0.713623 0.126628 0.102376
0 0.661784 0.820068 0.104818 0.128418
0 0.560221 0.829997 0.136719 0.152832
0 0.512207 0.858643 0.054362 0.089681
0 0.200521 0.635661 0.083984 0.077311
0 0.194824 0.545654 0.072591 0.080241
0 0.122233 0.595378 0.086914 0.077474
