0 0.066243 0.145101 0.132487 0.137858
0 0.255371 0.500895 0.135742 0.128092
0 0.316406 0.465820 0.149089 0.150391
0 0.438639 0.416260 0.133138 0.131999
0 0.456217 0.335856 0.122070 0.117025
0 0.562337 0.380778 0.115560 0.070150
0 0.567708 0.442546 0.138021 0.119466
0 0.626790 0.496175 0.135091 0.103027
0 0.717936 0.780680 0.078451 0.138184
0 0.788411 0.796468 0.140625 0.153483
0 0.822103 0.710693 0.132487 0.140788
0 0.916341 0.785726 0.114583 0.105306
0 0.904948 0.893473 0.160156 0.153483
0 0.666992 0.953369 0.130859 0.092936
0 0.769043 0.965251 0.149414 0.069173
0 0.903809 0.607259 0.192383 0.170898
0 0.944010 0.753011 0.111979 0.123861
