0 0.078613 0.575765 0.138997 0.109212
0 0.154785 0.469645 0.127279 0.124186
0 0.263184 0.431559 0.106445 0.131999
0 0.130859 0.661702 0.124349 0.106608
0 0.529297 0.686930 0.137370 0.177246
0 0.421875 0.627360 0.161458 0.093262
0 0.437663 0.551595 0.161784 0.129883
0 0.545736 0.477132 0.138346 0.139160
0 0.455241 0.416097 0.103841 0.082845
0 0.453939 0.454834 0.071940 0.078939
0 0.571289 0.362549 0.126302 0.137207
0 0.823079 0.424398 0.172852 0.138509
0 0.923665 0.325114 0.137695 0.190592
0 0.023600 0.501872 0.047201 0.117676
0 0.080729 0.429118 0.104818 0.121257
