0 0.048828 0.236410 0.097656 0.088704
0 0.165202 0.321289 0.109049 0.113932
0 0.268717 0.335368 0.103190 0.112142
0 0.350098 0.366292 0.086263 0.076335
0 0.294596 0.490072 0.085286 0.094076
0 0.408203 0.440674 0.111328 0.115072
0 0.541178 0.401449 0.114258 0.127767
0 0.617513 0.420817 0.094401 0.099447
0 0.573893 0.491292 0.100260 0.073079
0 0.463542 0.500326 0.117839 0.114583
0 0.517741 0.577393 0.097331 0.123535
0 0.604980 0.577718 0.135742 0.123535
0 0.675944 0.523844 0.069987 0.055501
0 0.730632 0.561035 0.120768 0.114258
0 0.796875 0.488363 0.108724 0.056803
0 0.820964 0.556234 0.108073 0.113770
0 0.656087 0.678955 0.099935 0.113770
0 0.708008 0.729167 0.112630 0.127604
0 0.784831 0.676839 0.132812 0.132975
