0 0.873372 0.650065 0.110677 0.132161
0 0.828939 0.442139 0.148112 0.115397
0 0.770508 0.423584 0.087891 0.096517
0 0.628418 0.585205 0.105143 0.108561
0 0.668945 0.480062 0.123047 0.117025
0 0.525553 0.550212 0.130534 0.118652
0 0.411784 0.657308 0.111979 0.125814
0 0.234701 0.620361 0.126302 0.112467
0 0.325358 0.577962 0.116211 0.124023
0 0.257161 0.504476 0.136068 0.114421
0 0.395996 0.473226 0.124023 0.115723
0 0.269206 0.398356 0.113932 0.116374
0 0.364583 0.371338 0.100911 0.141113
0 0.486165 0.399821 0.078451 0.108887
0 0.196452 0.409261 0.066081 0.078939
0 0.505859 0.470785 0.101562 0.044434
1 0.579753 0.398682 0.162109 0.143717
