0 0.068034 0.427490 0.126953 0.165527
0 0.036947 0.524495 0.073893 0.141439
0 0.050618 0.690348 0.101237 0.134603
0 0.165202 0.431315 0.079753 0.100260
0 0.298177 0.468669 0.115885 0.111165
0 0.320150 0.600505 0.147461 0.076009
0 0.392090 0.493896 0.147461 0.131673
0 0.423828 0.380941 0.104167 0.134928
0 0.350423 0.380615 0.067383 0.097168
0 0.591960 0.360921 0.103190 0.108561
0 0.570964 0.453695 0.095703 0.063639
0 0.659505 0.432210 0.130208 0.120931
0 0.624674 0.535563 0.132161 0.115397
0 0.626302 0.608154 0.125651 0.106934
0 0.709310 0.360026 0.131510 0.145182
0 0.736654 0.575439 0.081380 0.087077
0 0.888997 0.582194 0.042969 0.097331
0 0.852051 0.571696 0.066732 0.113444
