0 0.724609 0.341227 0.128255 0.128418
0 0.751302 0.405192 0.069010 0.072103
0 0.615072 0.315430 0.111003 0.171875
0 0.511230 0.342529 0.125326 0.166178
0 0.552083 0.454183 0.104818 0.115397
0 0.674316 0.464844 0.154622 0.125651
0 0.702474 0.583252 0.158854 0.128092
0 0.539388 0.583577 0.130208 0.145020
0 0.390462 0.430420 0.170898 0.116699
0 0.320475 0.558024 0.085612 0.116699
0 0.408040 0.518311 0.124023 0.074382
0 0.413411 0.356527 0.095703 0.073730
0 0.350911 0.300863 0.106120 0.104980
0 0.251465 0.283936 0.094076 0.119303
0 0.117188 0.411702 0.139323 0.101400
