0 0.056478 0.542725 0.088216 0.095215
0 0.054850 0.625570 0.084310 0.067546
0 0.169271 0.585368 0.109375 0.101074
0 0.151042 0.653727 0.088542 0.074382
0 0.230306 0.649333 0.077148 0.100098
0 0.289551 0.593099 0.103841 0.098307
0 0.234538 0.460693 0.099284 0.103678
0 0.305013 0.461019 0.076823 0.090658
0 0.396810 0.444906 0.130208 0.124186
0 0.507161 0.347575 0.104818 0.140462
0 0.513997 0.516520 0.131510 0.120280
0 0.567708 0.381104 0.107422 0.080566
0 0.607910 0.394287 0.063477 0.019694
0 0.617676 0.468343 0.134440 0.056478
0 0.770182 0.280029 0.154948 0.154460
0 0.880697 0.197673 0.134440 0.162272
0 0.938477 0.239502 0.123047 0.155436
0 0.909342 0.383626 0.162435 0.168294
0 0.892904 0.547282 0.148438 0.158366
0 0.956868 0.443441 0.086263 0.157715
0 0.130208 0.057536 0.124349 0.101400
