0 0.788737 0.383870 0.122396 0.126465
0 0.618815 0.275553 0.119141 0.155273
0 0.495768 0.319743 0.138021 0.114746
0 0.506348 0.433512 0.124023 0.139811
0 0.477702 0.544840 0.137695 0.122884
0 0.421224 0.479736 0.085286 0.087077
0 0.874674 0.485107 0.126953 0.138835
0 0.767253 0.534993 0.134766 0.118164
2 0.566895 0.570231 0.086914 0.109212
0 0.698568 0.493408 0.059245 0.032389
0 0.732910 0.436117 0.111654 0.044759
0 0.693848 0.604085 0.074544 0.086426
0 0.649089 0.711344 0.085286 0.071126
0 0.905436 0.750407 0.077148 0.089355
0 0.618652 0.682861 0.077799 0.068197
0 0.645671 0.598877 0.045898 0.063639
0 0.245768 0.326416 0.072266 0.064941
0 0.201986 0.426025 0.086914 0.047363
0 0.534180 0.776204 0.057943 0.069987
0 0.832845 0.943115 0.065430 0.054850
0 0.474447 0.861572 0.072591 0.056478
0 0.485514 0.772786 0.052409 0.067057
0 0.361165 0.702067 0.058268 0.065592
0 0.286784 0.800863 0.066406 0.060710
