0 0.052572 0.416911 0.105143 0.128743
0 0.028809 0.539795 0.056966 0.118001
0 0.076335 0.615885 0.122070 0.121745
0 0.137695 0.484294 0.139323 0.116374
0 0.404948 0.604899 0.123047 0.117350
0 0.427897 0.489014 0.124023 0.119303
0 0.517741 0.458903 0.096680 0.117025
0 0.515299 0.612956 0.106771 0.117839
0 0.714844 0.620280 0.110677 0.109049
0 0.752116 0.499919 0.111003 0.106608
0 0.682454 0.464518 0.107747 0.112630
0 0.782227 0.411865 0.093099 0.114746
0 0.830241 0.173421 0.194987 0.163249
0 0.945312 0.268148 0.109375 0.202962
0 0.877930 0.489339 0.109375 0.082845
0 0.963542 0.443604 0.072917 0.061035
0 0.964518 0.507812 0.070964 0.089844
0 0.966960 0.634521 0.066081 0.112142
0 0.776693 0.670817 0.093750 0.097493
