2 0.118327 0.628825 0.124674 0.113770
2 0.356120 0.582438 0.196615 0.193522
0 0.917969 0.233317 0.164062 0.224447
0 0.904297 0.422852 0.191406 0.204427
2 0.504395 0.279053 0.163737 0.160319
2 0.387370 0.367594 0.141927 0.141439
0 0.107747 0.739502 0.113932 0.122884
0 0.225911 0.772298 0.137370 0.127279
0 0.158529 0.901449 0.137370 0.144043
0 0.058757 0.862223 0.117513 0.145020
0 0.038574 0.619222 0.077148 0.136882
2 0.532878 0.410726 0.167969 0.158040
2 0.614258 0.493408 0.155599 0.131999
2 0.545410 0.640055 0.170898 0.188965
0 0.189779 0.617757 0.057292 0.074707
