0 0.050456 0.972249 0.100911 0.055176
0 0.114095 0.920003 0.112305 0.108236
0 0.155924 0.876221 0.097005 0.109212
0 0.144531 0.975016 0.092448 0.049642
0 0.652832 0.871419 0.150065 0.140625
0 0.952962 0.670573 0.094076 0.177083
0 0.825033 0.711426 0.095378 0.092773
0 0.719564 0.695475 0.122721 0.131185
0 0.336426 0.662028 0.126628 0.133952
0 0.279134 0.719808 0.097331 0.101074
0 0.226074 0.616292 0.149414 0.120605
0 0.038249 0.495605 0.076497 0.143555
0 0.373047 0.547119 0.125651 0.118327
0 0.292806 0.454183 0.097982 0.094564
0 0.214030 0.460693 0.071289 0.063965
0 0.552246 0.549154 0.076497 0.074219
0 0.641764 0.534749 0.128581 0.120931
0 0.579102 0.443929 0.117839 0.114421
0 0.651693 0.418538 0.082682 0.102702
0 0.507324 0.412598 0.062826 0.076497
0 0.848958 0.124593 0.142578 0.132650
0 0.186035 0.080322 0.162435 0.137207
0 0.268717 0.161214 0.105143 0.095866
0 0.149251 0.286865 0.090169 0.088704
0 0.022135 0.318115 0.043620 0.159668
