0 0.766439 0.131104 0.099284 0.156738
0 0.875326 0.177979 0.120443 0.129395
0 0.930013 0.255290 0.139974 0.115397
0 0.862956 0.421143 0.100911 0.143717
0 0.791341 0.341553 0.121094 0.112142
0 0.763184 0.246175 0.103841 0.086751
0 0.679362 0.196370 0.119792 0.132324
0 0.677409 0.314209 0.136068 0.103027
0 0.755534 0.424235 0.110026 0.113444
0 0.794922 0.465088 0.074219 0.076009
0 0.637858 0.359375 0.061523 0.049479
0 0.530436 0.324463 0.092773 0.125488
0 0.449707 0.361410 0.122721 0.082845
0 0.467773 0.432373 0.132812 0.089355
0 0.558431 0.483968 0.126628 0.117025
0 0.580566 0.593506 0.106445 0.142090
0 0.252279 0.443034 0.072917 0.105469
0 0.312012 0.480062 0.117513 0.139811
0 0.223145 0.515381 0.105794 0.039225
0 0.222005 0.575358 0.133464 0.071289
0 0.273275 0.640544 0.099284 0.103353
0 0.363932 0.646077 0.116536 0.111816
0 0.364583 0.740153 0.108073 0.117025
