0 0.867676 0.944661 0.128581 0.110677
0 0.747070 0.892985 0.129557 0.126465
0 0.868490 0.837077 0.111979 0.123372
0 0.561686 0.613118 0.090820 0.093424
0 0.694336 0.551025 0.118490 0.093587
0 0.457357 0.548665 0.126302 0.122721
0 0.571777 0.489502 0.114258 0.120280
0 0.647786 0.477783 0.076172 0.115723
0 0.529785 0.321696 0.083008 0.102376
0 0.265299 0.200114 0.118490 0.109212
0 0.237956 0.310303 0.100911 0.112793
0 0.371745 0.227946 0.088542 0.088704
0 0.346191 0.162679 0.075195 0.087077
0 0.468913 0.411947 0.077148 0.091471
0 0.737793 0.503825 0.092773 0.079264
