0 0.054688 0.549723 0.109375 0.126139
0 0.060872 0.416341 0.121745 0.138672
0 0.032389 0.300374 0.064128 0.141764
0 0.222168 0.303955 0.138346 0.166504
0 0.293620 0.321370 0.044271 0.121908
0 0.360840 0.375081 0.151367 0.112793
0 0.385254 0.290771 0.120117 0.095866
0 0.353841 0.481934 0.153646 0.122070
0 0.381673 0.593831 0.146810 0.129069
0 0.434082 0.414795 0.099284 0.094564
0 0.511882 0.323486 0.100586 0.121582
0 0.596354 0.359863 0.124349 0.153971
0 0.657389 0.338460 0.071940 0.116374
0 0.698079 0.449300 0.125977 0.103678
0 0.642578 0.481364 0.160807 0.130046
0 0.893717 0.558512 0.170247 0.126139
0 0.568197 0.600993 0.138346 0.136882
0 0.538086 0.697347 0.121745 0.160970
0 0.446289 0.552327 0.071615 0.081217
