0 0.242025 0.531657 0.113607 0.101074
0 0.327311 0.582194 0.107096 0.059570
0 0.270182 0.481038 0.085286 0.069499
0 0.411621 0.406820 0.081706 0.104655
0 0.476237 0.382894 0.101562 0.123210
0 0.555339 0.440023 0.134766 0.113118
0 0.473307 0.500977 0.090495 0.089844
0 0.500651 0.600179 0.111328 0.115072
0 0.583008 0.575928 0.119141 0.104329
0 0.851400 0.364502 0.109049 0.113770
0 0.870443 0.334554 0.089844 0.085124
0 0.933268 0.457520 0.070312 0.057617
0 0.857910 0.471761 0.056966 0.049642
0 0.934896 0.568441 0.055339 0.065918
0 0.072266 0.631104 0.110026 0.102702
0 0.050781 0.503825 0.101562 0.094238
0 0.036784 0.446859 0.072917 0.074056
0 0.028483 0.698975 0.056966 0.100423
