0 0.099284 0.643962 0.105469 0.088704
0 0.110026 0.689535 0.130859 0.082845
0 0.235026 0.721354 0.127604 0.123047
0 0.218750 0.622640 0.136068 0.118978
0 0.091146 0.517497 0.121745 0.097493
0 0.150065 0.444743 0.128906 0.129069
0 0.260417 0.506592 0.127604 0.105632
0 0.413737 0.489909 0.127604 0.098307
0 0.451335 0.546794 0.116862 0.113118
0 0.443197 0.629150 0.117513 0.087728
0 0.542155 0.599935 0.090169 0.096354
0 0.526204 0.440511 0.110352 0.119954
0 0.460938 0.436279 0.052083 0.078288
0 0.900065 0.629476 0.076823 0.079915
0 0.960449 0.572510 0.079102 0.100098
0 0.883464 0.485270 0.117188 0.096191
0 0.973796 0.652669 0.052409 0.072591
0 0.338542 0.200277 0.078776 0.076335
0 0.061198 0.136963 0.081380 0.069499
0 0.193522 0.078369 0.068685 0.064290
0 0.610514 0.261963 0.060872 0.072103
0 0.826009 0.507975 0.055013 0.055339
