0 0.520996 0.047607 0.096680 0.095215
0 0.593913 0.102051 0.090820 0.091471
0 0.675781 0.055745 0.104167 0.090658
0 0.717936 0.100016 0.081706 0.071777
0 0.652669 0.165446 0.075521 0.096517
0 0.625977 0.527425 0.121745 0.082845
0 0.645020 0.455485 0.139648 0.099121
0 0.525228 0.545410 0.107747 0.122721
0 0.545247 0.609294 0.063151 0.053223
0 0.578288 0.380778 0.124023 0.128092
0 0.474609 0.434163 0.118490 0.117676
0 0.410970 0.517415 0.118164 0.118815
0 0.307780 0.461182 0.105794 0.099447
0 0.372233 0.549561 0.074544 0.086751
0 0.362305 0.411702 0.121094 0.108561
0 0.358887 0.335531 0.121419 0.087728
0 0.408040 0.315348 0.086263 0.128092
0 0.460449 0.355713 0.058919 0.055176
