0 0.060872 0.212484 0.097005 0.088379
0 0.083008 0.266439 0.084635 0.092122
0 0.023112 0.317301 0.046224 0.094889
0 0.033366 0.405680 0.066732 0.093262
0 0.176270 0.291260 0.100586 0.100749
0 0.270020 0.285563 0.107096 0.110840
0 0.276855 0.231527 0.098633 0.076335
0 0.217611 0.371826 0.089518 0.101725
0 0.274251 0.440511 0.096029 0.089355
0 0.356771 0.332275 0.055339 0.039551
0 0.326660 0.370850 0.105143 0.073730
0 0.334147 0.474365 0.083659 0.101074
0 0.249023 0.506266 0.085286 0.097819
0 0.190592 0.471110 0.073242 0.088704
0 0.466146 0.561361 0.101562 0.079753
0 0.554850 0.522217 0.113607 0.099121
0 0.574870 0.411051 0.094401 0.107259
0 0.646647 0.439209 0.099935 0.101074
0 0.603678 0.563232 0.108398 0.101725
0 0.547038 0.588949 0.062826 0.052897
0 0.915527 0.771159 0.097331 0.115885
0 0.956380 0.675537 0.087240 0.106283
0 0.973633 0.752197 0.052734 0.090332
