0 0.330729 0.379069 0.109375 0.120117
0 0.382487 0.339355 0.063151 0.053060
0 0.434245 0.402425 0.116536 0.142741
0 0.278320 0.462158 0.082682 0.060384
0 0.354980 0.494548 0.140299 0.106283
0 0.500163 0.515218 0.110352 0.118978
0 0.541016 0.608805 0.126953 0.123210
0 0.364746 0.623779 0.129232 0.127767
0 0.336589 0.580322 0.089193 0.079264
0 0.649414 0.469157 0.113281 0.082194
0 0.641602 0.572021 0.102214 0.054850
0 0.704264 0.601807 0.116211 0.096842
0 0.723145 0.418213 0.099284 0.111165
0 0.824219 0.401774 0.093750 0.086100
0 0.728353 0.368571 0.073893 0.056803
0 0.879883 0.466146 0.104167 0.114583
0 0.794759 0.460693 0.078451 0.080241
0 0.823730 0.550049 0.088216 0.075358
0 0.744303 0.675049 0.096680 0.126790
0 0.850098 0.616781 0.084961 0.090983
0 0.918945 0.588949 0.090495 0.093913
0 0.941081 0.565511 0.098958 0.080241
