0 0.261719 0.555094 0.069010 0.091309
0 0.318034 0.566732 0.133464 0.109375
0 0.387207 0.491781 0.131836 0.107910
0 0.324870 0.467448 0.114583 0.093099
0 0.462402 0.401855 0.131185 0.112956
0 0.439290 0.593018 0.120768 0.137207
0 0.387695 0.669922 0.119792 0.124349
0 0.538411 0.486084 0.099609 0.093913
0 0.586263 0.369792 0.125000 0.122396
0 0.475260 0.302653 0.127604 0.122884
0 0.621908 0.564209 0.112956 0.140788
0 0.701660 0.417074 0.133138 0.125163
0 0.755534 0.246175 0.139323 0.133626
0 0.680339 0.163818 0.128255 0.110189
0 0.622070 0.133545 0.139974 0.118652
0 0.763509 0.064209 0.129883 0.127767
0 0.680339 0.047445 0.098958 0.094889
0 0.847168 0.308024 0.110352 0.122559
0 0.716471 0.522705 0.111328 0.092285
0 0.568197 0.595133 0.086263 0.134277
0 0.441732 0.696208 0.113932 0.106608
0 0.534342 0.692301 0.086914 0.085775
0 0.792969 0.573161 0.089193 0.096842
0 0.710286 0.706462 0.091797 0.087402
0 0.490560 0.829102 0.107422 0.091797
0 0.543294 0.922607 0.083984 0.110189
0 0.575033 0.769938 0.070638 0.100423
0 0.682292 0.940674 0.093099 0.090983
0 0.725260 0.632243 0.061198 0.064616
0 0.430501 0.947428 0.084310 0.103841
0 0.526367 0.924886 0.116536 0.112142
0 0.830241 0.456950 0.083659 0.084473
0 0.838216 0.539225 0.079427 0.066732
0 0.468424 0.475993 0.046875 0.040527
0 0.393555 0.404378 0.050130 0.071777
0 0.423665 0.332926 0.023763 0.041504
0 0.637370 0.234945 0.111328 0.074056
