0 0.052734 0.364258 0.105469 0.155599
0 0.126139 0.387695 0.087565 0.118490
0 0.015055 0.426514 0.029785 0.093913
0 0.040202 0.562093 0.080404 0.161947
0 0.398438 0.618978 0.130859 0.101562
0 0.069336 0.570231 0.073568 0.115723
0 0.378581 0.528402 0.156250 0.135579
0 0.384766 0.416341 0.150391 0.100260
0 0.445150 0.332438 0.128581 0.145345
0 0.571289 0.367269 0.139974 0.141439
0 0.517253 0.491781 0.134766 0.133952
0 0.820150 0.427979 0.150065 0.104655
0 0.885091 0.614827 0.166016 0.144368
0 0.484049 0.595296 0.055990 0.048014
