0 0.823405 0.878906 0.133138 0.173177
0 0.746094 0.795817 0.165365 0.210124
0 0.840983 0.565755 0.198242 0.200521
0 0.602702 0.588298 0.144857 0.144043
0 0.611816 0.459310 0.115560 0.111003
0 0.582845 0.400309 0.137044 0.166504
0 0.510417 0.380778 0.077474 0.143717
0 0.415365 0.357422 0.141276 0.169922
0 0.360026 0.414795 0.132812 0.142741
0 0.397135 0.520101 0.093099 0.072103
0 0.341309 0.703532 0.101888 0.114746
0 0.308268 0.612386 0.091797 0.090007
0 0.251139 0.686768 0.102539 0.115723
0 0.148112 0.731201 0.100911 0.104329
0 0.207031 0.760824 0.119792 0.121908
0 0.297201 0.810465 0.107422 0.118978
0 0.393066 0.865804 0.137044 0.119629
0 0.183757 0.886963 0.127279 0.123535
0 0.741211 0.537354 0.147786 0.195801
