0 0.933268 0.208577 0.132161 0.173665
0 0.933268 0.208577 0.132161 0.173665
0 0.823730 0.317464 0.155924 0.160970
0 0.823730 0.317464 0.155924 0.160970
0 0.552897 0.355225 0.114258 0.118652
0 0.552897 0.355225 0.114258 0.118652
0 0.621094 0.365316 0.108073 0.104329
0 0.610352 0.509033 0.125000 0.115072
0 0.475098 0.491943 0.118815 0.114746
0 0.532227 0.571859 0.087240 0.112467
0 0.532227 0.571859 0.087240 0.112467
0 0.423665 0.567301 0.109701 0.101400
0 0.322428 0.537435 0.090169 0.074870
0 0.322428 0.537435 0.090169 0.074870
0 0.327962 0.447510 0.093424 0.106608
0 0.934570 0.414958 0.130859 0.151530
0 0.969564 0.511312 0.060872 0.049967
0 0.081543 0.072510 0.116211 0.138509
