0 0.284993 0.564209 0.153320 0.157064
0 0.372884 0.418294 0.141602 0.164714
0 0.519206 0.458008 0.148438 0.148438
0 0.573730 0.586507 0.166341 0.151530
0 0.424642 0.574626 0.166992 0.140137
0 0.435059 0.465413 0.048503 0.087077
0 0.422201 0.719645 0.117839 0.148926
0 0.294596 0.702881 0.152344 0.134928
0 0.893229 0.565592 0.144531 0.141602
0 0.865723 0.663818 0.140299 0.118001
0 0.812012 0.487386 0.125977 0.112793
0 0.900065 0.433512 0.087240 0.109863
0 0.967773 0.421794 0.064453 0.096842
0 0.968262 0.503499 0.063477 0.138509
