0 0.195801 0.285563 0.105143 0.110189
0 0.319173 0.234945 0.097982 0.113118
0 0.279297 0.292562 0.121094 0.116374
0 0.259277 0.411458 0.121419 0.124349
0 0.407227 0.252441 0.099609 0.112956
0 0.353516 0.299723 0.026693 0.031087
0 0.395833 0.329183 0.052083 0.045085
0 0.455485 0.548747 0.048340 0.067546
0 0.509603 0.564697 0.132487 0.113770
0 0.506348 0.663411 0.116862 0.110677
0 0.542643 0.455729 0.065104 0.104167
0 0.610352 0.463949 0.115234 0.136230
0 0.656413 0.498779 0.083008 0.110189
0 0.667806 0.540283 0.083008 0.072103
0 0.904948 0.692952 0.108073 0.087728
0 0.913737 0.767171 0.131510 0.126790
0 0.792806 0.705892 0.107747 0.104492
0 0.755371 0.783610 0.113607 0.090007
0 0.776367 0.881592 0.139974 0.116699
