0 0.666504 0.340576 0.166341 0.156413
0 0.525716 0.311117 0.124349 0.155436
0 0.411947 0.379476 0.159180 0.156738
0 0.331217 0.383545 0.090820 0.129720
0 0.382975 0.522542 0.151367 0.145345
0 0.378906 0.625244 0.155599 0.122233
0 0.483887 0.673910 0.121419 0.136230
0 0.540365 0.607178 0.140625 0.134928
0 0.559570 0.495361 0.165365 0.148926
0 0.036458 0.639730 0.072917 0.145345
0 0.024902 0.403727 0.049154 0.136882
0 0.949382 0.353597 0.101237 0.120605
0 0.967122 0.512451 0.065755 0.109538
0 0.898112 0.517985 0.099609 0.098470
0 0.887370 0.378255 0.094401 0.083984
0 0.984375 0.385498 0.031250 0.093262
0 0.958171 0.283447 0.083659 0.046061
