0 0.095540 0.311117 0.086263 0.076009
0 0.078125 0.361572 0.106120 0.113118
0 0.160645 0.408040 0.109701 0.096029
0 0.094889 0.467367 0.109701 0.102702
0 0.122721 0.598389 0.101563 0.119954
0 0.439128 0.498535 0.097656 0.098633
0 0.496419 0.398682 0.077474 0.081868
0 0.530924 0.428304 0.108724 0.098796
0 0.544108 0.518799 0.121419 0.094889
0 0.455404 0.609619 0.089193 0.127441
0 0.659668 0.419027 0.096680 0.101074
0 0.714030 0.494629 0.078451 0.076497
0 0.749023 0.414632 0.089193 0.105957
0 0.806315 0.402262 0.067057 0.103353
0 0.814779 0.495850 0.120443 0.101074
0 0.747396 0.575439 0.090495 0.101400
0 0.864421 0.556885 0.124023 0.090983
0 0.851888 0.456787 0.057943 0.048340
