0 0.339193 0.577799 0.139974 0.141927
0 0.430339 0.489990 0.106120 0.104980
0 0.464355 0.360270 0.119466 0.139160
0 0.331868 0.510824 0.077799 0.034017
0 0.369629 0.480387 0.028320 0.038900
0 0.532715 0.455973 0.120768 0.122884
0 0.607259 0.473958 0.082357 0.108073
0 0.548828 0.556885 0.120443 0.097493
0 0.494303 0.569743 0.059570 0.110189
0 0.545085 0.368245 0.055013 0.069173
0 0.443197 0.184814 0.101888 0.115723
0 0.330078 0.136393 0.129557 0.134115
0 0.472493 0.111410 0.122721 0.103678
0 0.413086 0.042562 0.076172 0.085124
0 0.659668 0.963216 0.103190 0.073568
0 0.339762 0.021484 0.093587 0.042969
