0 0.282064 0.060303 0.127930 0.112793
0 0.342529 0.025472 0.092611 0.050944
0 0.431966 0.043376 0.102214 0.086751
0 0.522949 0.067790 0.125326 0.115397
0 0.445964 0.135010 0.102865 0.104655
0 0.350260 0.123128 0.086589 0.090658
0 0.294271 0.174561 0.117839 0.112793
0 0.355794 0.231364 0.097656 0.126790
0 0.478353 0.202881 0.073242 0.098470
0 0.541992 0.175374 0.069661 0.096842
0 0.563639 0.311768 0.088867 0.063639
0 0.509766 0.379801 0.118490 0.136556
0 0.603190 0.375895 0.093099 0.115723
0 0.673014 0.445719 0.138346 0.101074
0 0.642822 0.536214 0.098470 0.119303
0 0.587891 0.546305 0.104818 0.129720
0 0.483724 0.506592 0.127604 0.118001
0 0.465332 0.606038 0.096680 0.111165
