0 0.876790 0.563965 0.116862 0.101888
0 0.786133 0.550700 0.119792 0.095540
0 0.779297 0.460856 0.097005 0.092285
0 0.709473 0.445882 0.081706 0.060384
0 0.700684 0.510661 0.079753 0.091634
0 0.811442 0.622965 0.075684 0.053874
0 0.725260 0.638590 0.111328 0.115723
0 0.615560 0.497477 0.103516 0.084147
0 0.513184 0.688395 0.094727 0.105957
0 0.440104 0.641846 0.114583 0.115072
0 0.470703 0.514486 0.115234 0.111654
0 0.508626 0.425049 0.095378 0.121582
0 0.409993 0.480062 0.105794 0.113118
0 0.218750 0.484131 0.107422 0.124512
0 0.102051 0.520589 0.143555 0.126465
0 0.200195 0.647868 0.120443 0.127116
0 0.084635 0.646729 0.130208 0.126790
0 0.458496 0.169840 0.189128 0.167806
0 0.608398 0.257243 0.192057 0.207845
0 0.779297 0.366374 0.068359 0.073242
0 0.752441 0.290609 0.074544 0.078613
0 0.714518 0.333089 0.073568 0.057454
