2 0.526042 0.665527 0.089844 0.110352
2 0.451823 0.586995 0.104167 0.073079
0 0.060710 0.551188 0.121419 0.101074
0 0.101074 0.484782 0.077799 0.073079
0 0.167155 0.575765 0.104492 0.112467
0 0.221191 0.481527 0.040690 0.051595
0 0.428548 0.479248 0.114258 0.100423
0 0.867839 0.428630 0.102214 0.109863
0 0.822266 0.502035 0.106120 0.058757
0 0.958333 0.442627 0.083333 0.090983
0 0.943522 0.524658 0.110352 0.119629
0 0.857910 0.583740 0.115560 0.103027
0 0.948079 0.648356 0.102539 0.107259
0 0.849772 0.656006 0.105794 0.079590
2 0.539062 0.428792 0.098958 0.108887
2 0.169108 0.450195 0.101888 0.108724
0 0.490072 0.430420 0.055013 0.090658
0 0.509928 0.504069 0.065430 0.071940
