0 0.149740 0.341878 0.099609 0.113444
0 0.138509 0.453125 0.106445 0.110677
0 0.229329 0.480876 0.095378 0.064616
0 0.239909 0.415120 0.115234 0.101074
0 0.285319 0.340902 0.107096 0.093913
0 0.413086 0.615560 0.098958 0.100911
0 0.434245 0.544840 0.078125 0.076660
0 0.470052 0.616130 0.045573 0.081868
0 0.529297 0.587484 0.104818 0.080566
2 0.514811 0.525472 0.091471 0.106934
0 0.591797 0.505941 0.089193 0.088704
0 0.551107 0.441325 0.097656 0.089030
0 0.528727 0.421631 0.080241 0.071126
0 0.712077 0.750244 0.063477 0.062337
0 0.727865 0.815511 0.074219 0.080892
0 0.757812 0.760335 0.070312 0.072754
0 0.823893 0.754801 0.077474 0.068848
0 0.788574 0.840169 0.076497 0.102865
0 0.900391 0.781982 0.108724 0.093262
0 0.886068 0.689209 0.102865 0.099772
0 0.922852 0.654867 0.059245 0.071452
0 0.849121 0.628092 0.090820 0.094076
0 0.896322 0.842041 0.086914 0.048665
