0 0.038900 0.258382 0.077799 0.122233
0 0.032227 0.146240 0.064453 0.110840
0 0.099447 0.286051 0.086263 0.109212
0 0.033203 0.392660 0.066406 0.134928
0 0.368245 0.417887 0.046387 0.099447
0 0.432943 0.434814 0.138021 0.148926
0 0.490072 0.376383 0.105143 0.116048
0 0.600260 0.441325 0.105469 0.100749
0 0.541829 0.492920 0.101237 0.071777
0 0.574382 0.560140 0.141602 0.125488
0 0.656413 0.535238 0.056315 0.064616
0 0.601888 0.628499 0.114583 0.084473
0 0.551270 0.710856 0.125977 0.131348
0 0.464193 0.638590 0.136068 0.115072
