0 0.388184 0.506429 0.129232 0.133301
0 0.347331 0.633708 0.143229 0.118978
0 0.448730 0.702230 0.127930 0.121257
0 0.473145 0.609456 0.111654 0.097168
0 0.586914 0.643962 0.136068 0.110840
0 0.659017 0.617432 0.123372 0.120931
0 0.613607 0.508708 0.095052 0.058431
0 0.540527 0.451090 0.099935 0.112467
0 0.464355 0.402425 0.099284 0.121908
0 0.485840 0.361410 0.097331 0.080241
0 0.379883 0.375081 0.087240 0.065267
0 0.368978 0.436768 0.111654 0.094889
0 0.334798 0.540120 0.083008 0.082845
0 0.812663 0.462646 0.128581 0.113444
0 0.810710 0.636312 0.102539 0.111816
0 0.932129 0.396566 0.127279 0.101725
0 0.919922 0.491943 0.139323 0.122559
0 0.910807 0.618652 0.121094 0.135091
0 0.860840 0.736898 0.119466 0.133952
0 0.964681 0.709554 0.070638 0.122233
0 0.972005 0.586995 0.055990 0.121908
0 0.518880 0.746175 0.102214 0.123210
